=====================================================================
  41477 1998-067HX  NODES 2                                          
  Launched: 1998-11-20 (324)           Start Date: 2016-05-16 (137)  
   Decayed:                             Stop Date: 2016-10-21 (295)  
=====================================================================
1 41477U 98067HX  16139.39370400  .00014667  00000-0  21811-3 0  9999
2 41477  51.6428 206.6486 0002832  19.3866  71.5171 15.55395437   202
1 41477U 98067HX  16139.46451075  .00022043  00000-0  32386-3 0  9991
2 41477  51.6427 206.2966 0002981  14.7203 112.9233 15.55405449   214
1 41477U 98067HX  16139.58971303  .00022048  00000-0  32386-3 0  9990
2 41477  51.6427 205.6710 0002980  15.1818  93.9953 15.55411275   233
1 41477U 98067HX  16140.16747728  .00023634  00000-0  34620-3 0  9993
2 41477  51.6425 202.7836 0003014  15.8698  90.6695 15.55441423   325
1 41477U 98067HX  16140.23142042  .00021637  00000-0  31763-3 0  9995
2 41477  51.6437 202.4713 0002794  38.6591  66.1735 15.55440406   332
1 41477U 98067HX  16140.42795884  .00022598  00000-0  33124-3 0  9994
2 41477  51.6424 201.4859 0003367  16.0157 110.0743 15.55450817   361
1 41477U 98067HX  16140.59823032  .00014215  00000-0  20420-3 0  9991
2 41477  51.6430 200.6425 0003130  18.8514 341.3116 15.55443272   385
1 41477U 98067HX  16140.62039571  .00022394  00000-0  32824-3 0  9990
2 41477  51.6427 200.5255 0003378  16.4583 107.9214 15.55459002   399
1 41477U 98067HX  16140.67597404  .00021472  00000-0  31505-3 0  9990
2 41477  51.6433 200.2495 0003352  20.3914  55.4097 15.55458812   409
1 41477U 98067HX  16141.19440123  .00021535  00000-0  31568-3 0  9992
2 41477  51.6429 197.6571 0003337  19.5225  81.2377 15.55481458   484
1 41477U 98067HX  16141.45729383  .00021134  00000-0  30984-3 0  9995
2 41477  51.6434 196.3446 0003358  18.7456 115.1174 15.55491129   520
1 41477U 98067HX  16142.16056686  .00020538  00000-0  30103-3 0  9993
2 41477  51.6436 192.8309 0003418  22.7194  91.9470 15.55518139   635
1 41477U 98067HX  16142.29050149  .00020272  00000-0  29719-3 0  9991
2 41477  51.6441 192.1816 0003259  23.7969  98.9624 15.55521945   650
1 41477U 98067HX  16142.35201948  .00020326  00000-0  29793-3 0  9995
2 41477  51.6438 191.8744 0003296  23.6358  83.8489 15.55524917   669
1 41477U 98067HX  16142.54169385  .00020305  00000-0  29755-3 0  9999
2 41477  51.6438 190.9265 0003284  24.5110  65.8365 15.55532642   690
1 41477U 98067HX  16143.23902057  .00019961  00000-0  29235-3 0  9996
2 41477  51.6438 187.4419 0003254  27.9480   9.9848 15.55558950   804
1 41477U 98067HX  16143.44853786  .00019748  00000-0  28925-3 0  9991
2 41477  51.6437 186.3958 0003352  27.7531 104.2491 15.55565838   832
1 41477U 98067HX  16143.57624146  .00019758  00000-0  28933-3 0  9991
2 41477  51.6439 185.7584 0003355  28.3139  99.3089 15.55571060   859
1 41477U 98067HX  16143.95014604  .00019296  00000-0  28262-3 0  9997
2 41477  51.6446 183.8907 0003283  30.7212  32.1832 15.55583947   919
1 41477U 98067HX  16144.01689550  .00019219  00000-0  28149-3 0  9992
2 41477  51.6446 183.5569 0003255  30.9083  46.0481 15.55586239   929
1 41477U 98067HX  16144.33591115  .00019067  00000-0  27921-3 0  9994
2 41477  51.6445 181.9628 0003392  30.7865  33.8803 15.55597837   977
1 41477U 98067HX  16144.33591115  .00019058  00000-0  27907-3 0  9998
2 41477  51.6446 181.9630 0003359  30.8630  33.8037 15.55597788   979
1 41477U 98067HX  16144.91364725  .00018919  00000-0  27688-3 0  9998
2 41477  51.6443 179.0770 0003384  32.0446  30.1982 15.55619365  1062
1 41477U 98067HX  16145.23929538  .00018873  00000-0  27610-3 0  9997
2 41477  51.6440 177.4503 0003402  32.6441  54.5171 15.55631473  1117
1 41477U 98067HX  16145.37411440  .00018762  00000-0  27447-3 0  9995
2 41477  51.6439 176.7764 0003448  31.8614  90.8206 15.55635868  1135
1 41477U 98067HX  16145.69098532  .00018572  00000-0  27166-3 0  9990
2 41477  51.6447 175.1934 0003235  33.9145  64.5197 15.55647071  1183
1 41477U 98067HX  16145.94292490  .00018605  00000-0  27205-3 0  9998
2 41477  51.6447 173.9339 0003289  33.5533  36.7645 15.55656650  1221
1 41477U 98067HX  16146.07646789  .00018371  00000-0  26868-3 0  9991
2 41477  51.6439 173.2660 0003240  34.9384  63.7594 15.55660093  1249
1 41477U 98067HX  16146.47264865  .00017811  00000-0  26061-3 0  9999
2 41477  51.6445 171.2883 0003427  34.8757 124.0399 15.55670987  1305
1 41477U 98067HX  16146.57280190  .00014261  00000-0  20319-3 0  9995
2 41477  51.6403 170.7967 0003076  38.6829 321.4905 15.55664164  1326
1 41477U 98067HX  16146.90575486  .00017267  00000-0  25276-3 0  9993
2 41477  51.6432 169.1264 0003238  40.2538  25.8522 15.55684082  1372
1 41477U 98067HX  16147.09340432  .00016826  00000-0  24645-3 0  9994
2 41477  51.6428 168.1866 0003795  36.2783   1.4350 15.55688122  1401
1 41477U 98067HX  16147.43422181  .00016795  00000-0  24591-3 0  9999
2 41477  51.6429 166.4834 0003799  37.2141 110.5131 15.55699695  1452
1 41477U 98067HX  16147.49978707  .00016694  00000-0  24446-3 0  9992
2 41477  51.6431 166.1557 0003866  36.4216 118.7452 15.55701304  1461
1 41477U 98067HX  16147.93504424  .00015491  00000-0  22732-3 0  9992
2 41477  51.6422 163.9812 0003673  42.6128  31.8260 15.55709182  1539
1 41477U 98067HX  16148.05598536  .00015232  00000-0  22362-3 0  9995
2 41477  51.6424 163.3764 0003722  43.2518 348.9667 15.55711412  1550
1 41477U 98067HX  16148.32588097  .00014988  00000-0  22011-3 0  9994
2 41477  51.6429 162.0276 0003402  45.9483  58.8374 15.55718125  1598
1 41477U 98067HX  16148.46227509  .00014898  00000-0  21880-3 0  9990
2 41477  51.6428 161.3459 0003390  45.7544 103.4227 15.55721676  1616
1 41477U 98067HX  16149.22035396  .00014051  00000-0  20664-3 0  9996
2 41477  51.6425 157.5576 0003361  49.0296  28.6698 15.55739735  1737
1 41477U 98067HX  16149.42484946  .00014155  00000-0  20808-3 0  9992
2 41477  51.6429 156.5366 0003278  53.4013  90.3763 15.55746477  1763
1 41477U 98067HX  16150.24975633  .00014895  00000-0  21834-3 0  9993
2 41477  51.6422 152.4157 0003056  56.8747  30.0784 15.55775521  1894
1 41477U 98067HX  16150.63886870  .00015117  00000-0  22137-3 0  9995
2 41477  51.6427 150.4711 0003044  58.7573  48.9916 15.55788535  1959
1 41477U 98067HX  16151.21363642  .00016692  00000-0  24342-3 0  9996
2 41477  51.6418 147.5989 0003236  66.7815  22.3513 15.55816304  2040
1 41477U 98067HX  16151.53396015  .00017392  00000-0  25316-3 0  9991
2 41477  51.6421 145.9980 0003190  68.5498  15.9206 15.55832192  2098
1 41477U 98067HX  16152.17627916  .00019260  00000-0  27920-3 0  9998
2 41477  51.6424 142.7905 0003349  76.1578   8.3972 15.55865406  2194
1 41477U 98067HX  16152.37970808  .00019659  00000-0  28472-3 0  9996
2 41477  51.6426 141.7749 0003395  81.1731  63.5866 15.55876152  2228
1 41477U 98067HX  16152.93561620  .00020995  00000-0  30323-3 0  9999
2 41477  51.6435 138.9964 0003189  74.9991 305.5980 15.55905247  2318
1 41477U 98067HX  16153.00321911  .00020900  00000-0  30186-3 0  9998
2 41477  51.6433 138.6593 0003261  75.7047 323.8017 15.55907501  2323
1 41477U 98067HX  16153.40885370  .00020901  00000-0  30169-3 0  9998
2 41477  51.6428 136.6309 0003265  77.1661  75.9297 15.55924752  2380
1 41477U 98067HX  16153.59318556  .00020974  00000-0  30263-3 0  9990
2 41477  51.6428 135.7096 0003234  77.7298  28.5585 15.55932938  2414
1 41477U 98067HX  16154.16905103  .00021165  00000-0  30502-3 0  9993
2 41477  51.6426 132.8302 0003271  80.0069  14.0814 15.55958514  2507
1 41477U 98067HX  16154.37215394  .00021174  00000-0  30504-3 0  9994
2 41477  51.6427 131.8148 0003274  79.7100  72.8077 15.55967323  2533
1 41477U 98067HX  16154.48886784  .00021165  00000-0  30486-3 0  9992
2 41477  51.6427 131.2310 0003294  79.8717   6.8516 15.55972300  2553
1 41477U 98067HX  16154.92642146  .00021107  00000-0  30384-3 0  9996
2 41477  51.6426 129.0436 0003303  79.2476 300.0726 15.55990850  2623
1 41477U 98067HX  16155.13129912  .00020990  00000-0  30211-3 0  9999
2 41477  51.6428 128.0193 0003266  80.5230   7.1946 15.55998872  2659
1 41477U 98067HX  16155.33431252  .00020750  00000-0  29867-3 0  9993
2 41477  51.6429 127.0046 0003207  80.4740  65.1916 15.56005883  2682
1 41477U 98067HX  16155.51811409  .00020725  00000-0  29823-3 0  9993
2 41477  51.6427 126.0858 0003253  80.5926  15.3451 15.56013541  2713
1 41477U 98067HX  16156.09270249  .00019996  00000-0  28781-3 0  9998
2 41477  51.6430 123.2135 0003355  85.4329 351.2859 15.56033103  2808
1 41477U 98067HX  16156.15919454  .00019875  00000-0  28608-3 0  9997
2 41477  51.6427 122.8809 0003381  85.4847   3.9472 15.56035002  2814
1 41477U 98067HX  16156.92023699  .00018610  00000-0  26811-3 0  9999
2 41477  51.6420 119.0743 0003603  84.5820 310.8508 15.56059370  2937
1 41477U 98067HX  16157.12332853  .00018509  00000-0  26663-3 0  9999
2 41477  51.6424 118.0587 0003557  86.0560   7.8142 15.56066533  2961
1 41477U 98067HX  16157.44311620  .00018389  00000-0  26484-3 0  9990
2 41477  51.6424 116.4590 0003581  85.5431   0.9190 15.56077862  3016
1 41477U 98067HX  16157.76347212  .00018252  00000-0  26282-3 0  9996
2 41477  51.6421 114.8571 0003530  88.9257 353.3278 15.56089031  3069
1 41477U 98067HX  16157.88257752  .00017142  00000-0  24731-3 0  9992
2 41477  51.6418 114.2610 0003173  84.7893 305.0980 15.56086897  3089
1 41477U 98067HX  16158.08526108  .00017107  00000-0  24676-3 0  9998
2 41477  51.6419 113.2473 0003167  85.2873   0.7709 15.56093768  3110
1 41477U 98067HX  16158.28870399  .00017181  00000-0  24773-3 0  9994
2 41477  51.6423 112.2307 0003243  86.2372  60.2572 15.56101462  3143
1 41477U 98067HX  16158.91194339  .00017713  00000-0  25493-3 0  9998
2 41477  51.6431 109.1204 0002932 101.2866 298.9368 15.56126909  3240
1 41477U 98067HX  16159.11450465  .00018624  00000-0  26754-3 0  9999
2 41477  51.6418 108.1029 0003342  82.1408  13.6121 15.56139295  3278
1 41477U 98067HX  16159.50209644  .00019200  00000-0  27541-3 0  9999
2 41477  51.6416 106.1640 0003095  79.7213  28.8174 15.56156504  3339
1 41477U 98067HX  16159.87449304  .00020859  00000-0  29829-3 0  9991
2 41477  51.6420 104.3068 0002830  93.8195 302.3767 15.56179890  3397
1 41477U 98067HX  16160.07701404  .00021137  00000-0  30205-3 0  9997
2 41477  51.6416 103.2929 0002938  90.6319   0.8999 15.56190162  3424
1 41477U 98067HX  16160.46436524  .00021655  00000-0  30903-3 0  9998
2 41477  51.6426 101.3564 0002948  87.5685  15.4826 15.56210334  3482
1 41477U 98067HX  16160.78285495  .00022928  00000-0  32650-3 0  9997
2 41477  51.6429  99.7668 0003040 100.6546 347.9063 15.56230442  3531
1 41477U 98067HX  16160.83670928  .00022849  00000-0  32538-3 0  9999
2 41477  51.6431  99.4973 0003070  99.6429 290.8311 15.56232491  3549
1 41477U 98067HX  16161.10505685  .00022497  00000-0  32036-3 0  9999
2 41477  51.6435  98.1550 0003014  99.4331 355.4328 15.56242583  3581
1 41477U 98067HX  16161.42669162  .00022463  00000-0  31973-3 0  9997
2 41477  51.6436  96.5459 0002970  99.4682 358.5512 15.56257023  3631
1 41477U 98067HX  16161.86592081  .00021747  00000-0  30960-3 0  9999
2 41477  51.6442  94.3505 0003325  86.5358 313.8918 15.56272290  3703
1 41477U 98067HX  16162.20689101  .00020641  00000-0  29417-3 0  9995
2 41477  51.6445  92.6449 0002905  98.4757  53.5144 15.56280505  3754
1 41477U 98067HX  16162.45616125  .00019822  00000-0  28271-3 0  9994
2 41477  51.6440  91.3977 0003215  98.0921  11.3881 15.56287628  3792
1 41477U 98067HX  16162.82849449  .00019097  00000-0  27253-3 0  9995
2 41477  51.6440  89.5335 0003609  90.3658 306.5391 15.56298726  3851
1 41477U 98067HX  16163.23402692  .00018696  00000-0  26684-3 0  9997
2 41477  51.6442  87.5056 0003507  96.1988  54.2848 15.56312078  3916
1 41477U 98067HX  16163.79077470  .00016494  00000-0  23621-3 0  9992
2 41477  51.6440  84.7211 0003559 109.0272 282.8081 15.56320947  4006
1 41477U 98067HX  16164.06032010  .00016339  00000-0  23398-3 0  9993
2 41477  51.6442  83.3728 0003522 111.5108 351.5243 15.56329020  4041
1 41477U 98067HX  16164.19679285  .00016357  00000-0  23419-3 0  9992
2 41477  51.6443  82.6902 0003514 111.6547  36.5171 15.56333725  4066
1 41477U 98067HX  16164.81977951  .00016312  00000-0  23339-3 0  9994
2 41477  51.6444  79.5742 0003432 113.6705 287.3215 15.56355297  4165
1 41477U 98067HX  16165.16048625  .00016816  00000-0  24023-3 0  9990
2 41477  51.6447  77.8714 0003684 109.8327  41.3915 15.56370381  4216
1 41477U 98067HX  16165.41013984  .00016852  00000-0  24065-3 0  9994
2 41477  51.6445  76.6223 0003650 109.7872   1.1627 15.56379187  4254
1 41477U 98067HX  16165.78231156  .00017842  00000-0  25419-3 0  9991
2 41477  51.6438  74.7617 0003435 116.6587 280.9707 15.56397148  4313
1 41477U 98067HX  16166.12333306  .00017873  00000-0  25450-3 0  9999
2 41477  51.6438  73.0563 0003582 121.0738  28.5864 15.56409655  4368
1 41477U 98067HX  16166.75897546  .00019733  00000-0  27985-3 0  9991
2 41477  51.6431  69.8758 0003613 123.4730 350.1751 15.56443714  4467
1 41477U 98067HX  16167.15084311  .00019641  00000-0  27843-3 0  9995
2 41477  51.6435  67.9152 0003568 125.1168  25.7094 15.56458858  4528
1 41477U 98067HX  16167.26732848  .00019649  00000-0  27849-3 0  9996
2 41477  51.6435  67.3322 0003568 125.5890 318.3689 15.56463569  4545
1 41477U 98067HX  16168.11395894  .00019990  00000-0  28281-3 0  9997
2 41477  51.6441  63.1017 0003862 137.7915  13.2746 15.56499489  4676
1 41477U 98067HX  16168.68177179  .00020278  00000-0  28651-3 0  9995
2 41477  51.6439  60.2606 0003930 140.8979 313.9927 15.56524095  4769
1 41477U 98067HX  16168.87101373  .00019918  00000-0  28151-3 0  9993
2 41477  51.6433  59.3130 0003555 133.2735 302.7269 15.56529755  4799
1 41477U 98067HX  16169.14241730  .00019823  00000-0  28010-3 0  9995
2 41477  51.6437  57.9550 0003421 132.2920  25.5328 15.56540232  4834
1 41477U 98067HX  16169.69792897  .00019873  00000-0  28056-3 0  9995
2 41477  51.6436  55.1749 0003515 134.8545 257.8959 15.56562926  4922
1 41477U 98067HX  16170.10397557  .00019743  00000-0  27860-3 0  9995
2 41477  51.6436  53.1425 0003488 136.7279  12.8756 15.56578503  4983
1 41477U 98067HX  16170.72486464  .00019055  00000-0  26895-3 0  9992
2 41477  51.6436  50.0387 0003369 142.2125 248.9790 15.56599809  5080
1 41477U 98067HX  16171.18302409  .00019003  00000-0  26807-3 0  9995
2 41477  51.6440  47.7463 0003354 144.2513 296.0733 15.56617282  5155
1 41477U 98067HX  16171.82429206  .00018738  00000-0  26421-3 0  9997
2 41477  51.6438  44.5379 0003164 136.8992 299.3752 15.56640066  5254
1 41477U 98067HX  16172.02838104  .00018694  00000-0  26354-3 0  9997
2 41477  51.6442  43.5169 0003168 139.0130   1.7178 15.56647596  5283
1 41477U 98067HX  16173.05738542  .00017982  00000-0  25344-3 0  9993
2 41477  51.6440  38.3667 0003320 143.5725   7.5169 15.56682762  5442
1 41477U 98067HX  16173.88160388  .00017199  00000-0  24251-3 0  9997
2 41477  51.6442  34.2419 0003213 145.8270 307.3146 15.56707708  5573
1 41477U 98067HX  16174.20295409  .00017013  00000-0  23987-3 0  9997
2 41477  51.6437  32.6344 0003110 145.2751 309.9576 15.56717985  5629
1 41477U 98067HX  16174.77740875  .00015923  00000-0  22486-3 0  9992
2 41477  51.6441  29.7619 0003407 153.6873 283.0335 15.56732218  5714
1 41477U 98067HX  16174.91138561  .00014947  00000-0  21150-3 0  9993
2 41477  51.6441  29.0912 0003603 153.4064 314.6429 15.56732581  5731
1 41477U 98067HX  16174.98146753  .00015513  00000-0  21921-3 0  9998
2 41477  51.6441  28.7398 0003093 152.4973 348.5648 15.56736317  5747
1 41477U 98067HX  16175.16499110  .00014632  00000-0  20715-3 0  9998
2 41477  51.6439  27.8207 0003334 152.7076 297.5489 15.56738912  5770
1 41477U 98067HX  16175.80762899  .00014328  00000-0  20287-3 0  9992
2 41477  51.6439  24.6034 0003264 153.9874 300.1889 15.56756728  5875
1 41477U 98067HX  16176.01032189  .00014317  00000-0  20268-3 0  9995
2 41477  51.6438  23.5887 0003252 154.6367 356.2529 15.56762638  5904
1 41477U 98067HX  16176.56617108  .00013874  00000-0  19652-3 0  9997
2 41477  51.6438  20.8063 0003046 159.6731 228.4653 15.56776767  5996
1 41477U 98067HX  16176.76883735  .00014122  00000-0  19985-3 0  9996
2 41477  51.6436  19.7917 0003073 160.0511 284.6744 15.56784205  6027
1 41477U 98067HX  16176.83447957  .00014463  00000-0  20448-3 0  9990
2 41477  51.6440  19.4629 0003033 159.3810 293.4869 15.56788436  6035
1 41477U 98067HX  16176.97307954  .00014575  00000-0  20597-3 0  9996
2 41477  51.6441  18.7702 0003086 158.5856 351.5773 15.56793326  6055
1 41477U 98067HX  16177.73027759  .00016017  00000-0  22540-3 0  9996
2 41477  51.6428  14.9822 0002923 159.6832 277.0298 15.56822257  6179
1 41477U 98067HX  16177.93439741  .00016171  00000-0  22743-3 0  9992
2 41477  51.6432  13.9619 0002931 159.5290 341.9500 15.56829768  6208
1 41477U 98067HX  16178.11797605  .00016157  00000-0  22719-3 0  9996
2 41477  51.6433  13.0427 0002918 160.0955 290.9516 15.56835803  6237
1 41477U 98067HX  16178.55683980  .00016150  00000-0  22697-3 0  9992
2 41477  51.6432  10.8448 0002950 161.4806 230.8727 15.56850319  6304
1 41477U 98067HX  16178.76053438  .00016112  00000-0  22640-3 0  9990
2 41477  51.6434   9.8249 0002955 162.7652 291.9877 15.56856853  6337
1 41477U 98067HX  16178.82539528  .00016066  00000-0  22576-3 0  9992
2 41477  51.6433   9.5001 0002972 163.1295 295.3892 15.56858722  6349
1 41477U 98067HX  16178.96362719  .00016056  00000-0  22559-3 0  9993
2 41477  51.6434   8.8080 0002948 163.6940 350.0873 15.56863218  6360
1 41477U 98067HX  16179.78896582  .00015958  00000-0  22404-3 0  9993
2 41477  51.6436   4.6757 0002886 166.9224 295.7510 15.56889735  6498
1 41477U 98067HX  16180.48082941  .00015697  00000-0  22031-3 0  9994
2 41477  51.6442   1.2137 0002947 170.7025 212.3295 15.56911165  6601
1 41477U 98067HX  16180.88707440  .00015369  00000-0  21578-3 0  9997
2 41477  51.6441 359.1812 0002854 170.9302 330.5616 15.56921826  6663
1 41477U 98067HX  16180.95469316  .00015375  00000-0  21584-3 0  9996
2 41477  51.6441 358.8426 0002855 171.1950 349.5468 15.56924006  6672
1 41477U 98067HX  16181.71270072  .00014885  00000-0  20902-3 0  9998
2 41477  51.6443 355.0472 0002935 173.1407 279.0224 15.56945161  6797
1 41477U 98067HX  16181.91591350  .00014702  00000-0  20650-3 0  9993
2 41477  51.6440 354.0297 0003061 175.1638 336.7615 15.56950145  6824
1 41477U 98067HX  16182.47178082  .00014060  00000-0  19770-3 0  9996
2 41477  51.6441 351.2463 0002784 175.3272 214.3173 15.56963323  6918
1 41477U 98067HX  16182.73999449  .00013709  00000-0  19291-3 0  9990
2 41477  51.6443 349.9034 0002982 178.3332 275.6597 15.56968725  6953
1 41477U 98067HX  16182.87764576  .00013603  00000-0  19145-3 0  9997
2 41477  51.6446 349.2145 0002781 179.6573 326.3916 15.56971934  6977
1 41477U 98067HX  16183.50065215  .00012462  00000-0  17591-3 0  9997
2 41477  51.6447 346.0984 0002125 174.3865 225.9858 15.56983584  7077
1 41477U 98067HX  16183.83958439  .00012376  00000-0  17468-3 0  9999
2 41477  51.6448 344.4018 0002344 177.7428 323.6586 15.56991747  7123
1 41477U 98067HX  16184.46281979  .00012068  00000-0  17042-3 0  9993
2 41477  51.6443 341.2818 0002321 179.8512 217.2287 15.57006708  7225
1 41477U 98067HX  16184.86869794  .00012082  00000-0  17054-3 0  9993
2 41477  51.6444 339.2491 0002288 181.1634 332.4743 15.57016973  7281
1 41477U 98067HX  16185.83016765  .00012198  00000-0  17196-3 0  9998
2 41477  51.6447 334.4343 0002293 184.5998 321.9537 15.57041843  7438
1 41477U 98067HX  16186.45301646  .00012439  00000-0  17510-3 0  9990
2 41477  51.6445 331.3185 0002380 188.8188 211.3626 15.57058887  7539
1 41477U 98067HX  16186.79195799  .00012558  00000-0  17665-3 0  9990
2 41477  51.6446 329.6211 0002344 189.3493 312.0112 15.57068451  7587
1 41477U 98067HX  16186.85974285  .00012545  00000-0  17646-3 0  9997
2 41477  51.6446 329.2815 0002307 189.5856 331.9917 15.57070146  7595
1 41477U 98067HX  16187.41493402  .00012754  00000-0  17919-3 0  9992
2 41477  51.6445 326.5013 0002348 191.3441 204.4163 15.57085539  7689
1 41477U 98067HX  16187.82108802  .00012705  00000-0  17845-3 0  9998
2 41477  51.6447 324.4671 0002323 193.1577 320.8216 15.57095951  7749
1 41477U 98067HX  16188.57950284  .00012468  00000-0  17515-3 0  9990
2 41477  51.6447 320.6685 0002335 195.9300 252.2245 15.57114470  7860
1 41477U 98067HX  16188.64477038  .00012500  00000-0  17555-3 0  9990
2 41477  51.6447 320.3416 0002335 196.5147 257.7489 15.57116375  7872
1 41477U 98067HX  16189.40527021  .00012201  00000-0  17141-3 0  9992
2 41477  51.6450 316.5365 0001955 201.6078 198.5694 15.57133881  7998
1 41477U 98067HX  16189.54022088  .00012185  00000-0  17118-3 0  9995
2 41477  51.6449 315.8605 0001993 202.1501 235.0210 15.57137188  8013
1 41477U 98067HX  16190.57054193  .00011681  00000-0  16425-3 0  9992
2 41477  51.6440 310.6987 0002028 201.2655 255.4523 15.57160788  8172
1 41477U 98067HX  16191.32892402  .00011929  00000-0  16746-3 0  9990
2 41477  51.6439 306.8993 0002027 202.6645 188.2363 15.57180888  8298
1 41477U 98067HX  16191.73471152  .00016052  00000-0  22257-3 0  9996
2 41477  51.6441 304.8686 0001778 183.7155 323.6762 15.57222106  8350
1 41477U 98067HX  16192.29034661  .00018010  00000-0  24858-3 0  9993
2 41477  51.6485 302.0919 0001330 203.0560 181.3344 15.57249887  8447
1 41477U 98067HX  16192.87997867  .00020271  00000-0  27850-3 0  9990
2 41477  51.6476 299.1340 0001230 272.1259 180.0882 15.57285991  8531
1 41477U 98067HX  16193.31923044  .00021701  00000-0  29736-3 0  9990
2 41477  51.6454 296.9339 0001352 229.0142 167.4145 15.57310022  8600
1 41477U 98067HX  16193.90873994  .00021623  00000-0  29604-3 0  9990
2 41477  51.6457 293.9805 0001396 230.3163 233.3115 15.57335555  8691
1 41477U 98067HX  16194.28089161  .00021518  00000-0  29446-3 0  9994
2 41477  51.6457 292.1160 0001256 231.1070 160.3470 15.57351040  8754
1 41477U 98067HX  16194.87020060  .00021116  00000-0  28885-3 0  9992
2 41477  51.6454 289.1621 0000929 262.7258 194.8789 15.57374645  8844
1 41477U 98067HX  16195.24220817  .00020660  00000-0  28262-3 0  9998
2 41477  51.6442 287.3004 0001178 244.2432 140.4334 15.57388700  8909
1 41477U 98067HX  16195.30917574  .00020781  00000-0  28420-3 0  9998
2 41477  51.6427 286.9668 0001402 234.6477 165.7445 15.57392250  8914
1 41477U 98067HX  16195.64813815  .00021149  00000-0  28893-3 0  9991
2 41477  51.6436 285.2689 0001126 235.2182 266.8860 15.57408899  8968
1 41477U 98067HX  16196.26448355  .00020853  00000-0  28468-3 0  9992
2 41477  51.6415 282.1844 0001464 263.6976  96.3850 15.57437686  9068
1 41477U 98067HX  16196.64947400  .00024904  00000-0  33829-3 0  9997
2 41477  51.6415 280.2563 0001468 268.6899  91.3925 15.57455538  9129
1 41477U 98067HX  16197.22695080  .00021017  00000-0  28640-3 0  9993
2 41477  51.6416 277.3627 0001467 269.9625  90.1199 15.57480380  9211
1 41477U 98067HX  16197.48360457  .00021275  00000-0  28971-3 0  9991
2 41477  51.6414 276.0772 0001444 273.7341  86.3486 15.57490861  9254
1 41477U 98067HX  16197.74025587  .00025429  00000-0  34460-3 0  9997
2 41477  51.6413 274.7912 0001438 276.0767  84.0061 15.57506512  9294
1 41477U 98067HX  16198.18939034  .00030186  00000-0  40719-3 0  9997
2 41477  51.6412 272.5407 0001419 276.9597  83.1233 15.57532157  9360
1 41477U 98067HX  16198.51019671  .00027335  00000-0  36931-3 0  9993
2 41477  51.6412 270.9339 0001489 280.5161  79.5663 15.57545896  9417
1 41477U 98067HX  16199.60092498  .00017546  00000-0  23944-3 0  9995
2 41477  51.6410 265.4692 0001503 286.9783  73.1044 15.57576627  9580
1 41477U 98067HX  16200.17835680  .00018421  00000-0  25080-3 0  9994
2 41477  51.6409 262.5754 0001495 288.2348  71.8481 15.57600459  9678
1 41477U 98067HX  16200.43499069  .00017791  00000-0  24239-3 0  9994
2 41477  51.6408 261.2892 0001521 290.9213  69.1616 15.57609005  9718
1 41477U 98067HX  16200.62746505  .00017274  00000-0  23550-3 0  9996
2 41477  51.6407 260.3247 0001533 292.3395  67.7434 15.57615932  9742
1 41477U 98067HX  16201.14072646  .00013780  00000-0  18919-3 0  9993
2 41477  51.6404 257.7528 0001536 295.3094  64.7739 15.57630057  9822
1 41477U 98067HX  16201.46151201  .00013281  00000-0  18252-3 0  9999
2 41477  51.6403 256.1454 0001549 297.6287  62.4548 15.57640280  9872
1 41477U 98067HX  16201.71813974  .00013261  00000-0  18221-3 0  9993
2 41477  51.6401 254.8593 0001539 299.0654  61.0184 15.57647463  9918
1 41477U 98067HX  16202.16723496  .00013056  00000-0  17941-3 0  9992
2 41477  51.6399 252.6088 0001546 301.7733  58.3108 15.57659677  9988
1 41477U 98067HX  16202.35970220  .00018950  00000-0  25711-3 0  9994
2 41477  51.6398 251.6443 0001546 302.8065  57.2778 15.57673185 10018
1 41477U 98067HX  16202.55216903  .00020735  00000-0  28055-3 0  9995
2 41477  51.6398 250.6798 0001554 303.8067  56.2777 15.57681569 10048
1 41477U 98067HX  16203.12956239  .00018565  00000-0  25175-3 0  9990
2 41477  51.6396 247.7860 0001564 306.6831  53.4017 15.57702757 10133
1 41477U 98067HX  16203.38617869  .00016773  00000-0  22806-3 0  9998
2 41477  51.6395 246.5000 0001574 308.0959  51.9891 15.57712142 10179
1 41477U 98067HX  16203.57863987  .00016536  00000-0  22487-3 0  9995
2 41477  51.6394 245.5352 0001573 308.7493  51.3358 15.57720231 10200
1 41477U 98067HX  16204.15601907  .00015676  00000-0  21338-3 0  9990
2 41477  51.6393 242.6413 0001579 311.8884  48.1974 15.57740471 10295
1 41477U 98067HX  16204.41263009  .00012654  00000-0  17356-3 0  9994
2 41477  51.6393 241.3552 0001589 312.8889  47.1970 15.57744949 10336
1 41477U 98067HX  16204.54093525  .00013389  00000-0  18320-3 0  9990
2 41477  51.6393 240.7120 0001601 313.5089  46.5770 15.57749553 10354
1 41477U 98067HX  16205.18245639  .00014390  00000-0  19624-3 0  9997
2 41477  51.6392 237.4965 0001606 316.5822  43.5044 15.57768947 10456
1 41477U 98067HX  16205.31075947  .00013820  00000-0  18872-3 0  9996
2 41477  51.6393 236.8534 0001607 317.3361  42.7507 15.57772283 10475
1 41477U 98067HX  16206.20887172  .00013915  00000-0  18977-3 0  9997
2 41477  51.6392 232.3512 0001604 320.8205  39.2671 15.57801517 10616
1 41477U 98067HX  16206.46547259  .00013194  00000-0  18024-3 0  9996
2 41477  51.6392 231.0651 0001612 321.8125  38.2752 15.57808323 10652
1 41477U 98067HX  16207.10696915  .00012681  00000-0  17339-3 0  9990
2 41477  51.6394 227.8493 0001629 324.9443  35.1442 15.57826724 10754
1 41477U 98067HX  16207.42771484  .00020427  00000-0  27482-3 0  9997
2 41477  51.6394 226.2414 0001633 326.1116  33.9772 15.57843736 10806
1 41477U 98067HX  16207.62016104  .00019564  00000-0  26347-3 0  9999
2 41477  51.6394 225.2767 0001631 327.6424  32.4468 15.57848889 10835
1 41477U 98067HX  16208.06919752  .00024624  00000-0  32943-3 0  9991
2 41477  51.6396 223.0259 0001655 329.8416  30.2481 15.57871354 10902
1 41477U 98067HX  16208.26164240  .00012947  00000-0  17665-3 0  9996
2 41477  51.6397 222.0612 0001662 330.3836  29.7062 15.57862351 10934
1 41477U 98067HX  16209.22385052  .00014052  00000-0  19092-3 0  9994
2 41477  51.6397 217.2377 0001669 334.5194  25.5716 15.57892193 11082
1 41477U 98067HX  16209.41629016  .00014839  00000-0  20118-3 0  9990
2 41477  51.6396 216.2729 0001681 335.6362  24.4551 15.57898354 11118
1 41477U 98067HX  16210.18604466  .00011953  00000-0  16331-3 0  9994
2 41477  51.6395 212.4140 0001666 338.5634  21.5288 15.57912734 11236
1 41477U 98067HX  16210.50677318  .00011840  00000-0  16179-3 0  9991
2 41477  51.6394 210.8060 0001659 339.7485  20.3441 15.57919580 11286
1 41477U 98067HX  16211.40480422  .00015208  00000-0  20565-3 0  9995
2 41477  51.6391 206.3038 0001672 342.8315  17.2620 15.57944705 11427
1 41477U 98067HX  16212.17453033  .00015956  00000-0  21521-3 0  9991
2 41477  51.6390 202.4447 0001674 345.5857  14.5088 15.57971801 11548
1 41477U 98067HX  16212.81596004  .00012281  00000-0  16713-3 0  9993
2 41477  51.6389 199.2285 0001686 347.9333  12.1618 15.57988006 11646
1 41477U 98067HX  16213.20081472  .00010419  00000-0  14278-3 0  9990
2 41477  51.6388 197.2989 0001706 349.8023  10.2934 15.57996552 11706
1 41477U 98067HX  16213.32909917  .00010588  00000-0  14496-3 0  9995
2 41477  51.6388 196.6557 0001716 350.3552   9.7407 15.57999864 11724
1 41477U 98067HX  16214.16294332  .00010538  00000-0  14422-3 0  9990
2 41477  51.6389 192.4745 0001728 353.5342   6.5628 15.58017490 11854
1 41477U 98067HX  16214.54779134  .00010352  00000-0  14175-3 0  9999
2 41477  51.6389 190.5448 0001720 355.2448   4.8527 15.58025154 11913
1 41477U 98067HX  16214.80435573  .00010891  00000-0  14875-3 0  9999
2 41477  51.6389 189.2584 0001722 356.3563   3.7417 15.58030643 11950
1 41477U 98067HX  16214.93263757  .00010810  00000-0  14768-3 0  9998
2 41477  51.6389 188.6151 0001728 356.6615   3.4365 15.58033292 11974
1 41477U 98067HX  16215.18920037  .00009895  00000-0  13572-3 0  9990
2 41477  51.6390 187.3287 0001736 357.8806   2.2178 15.58037950 12016
1 41477U 98067HX  16215.31748155  .00010088  00000-0  13823-3 0  9999
2 41477  51.6390 186.6853 0001746 358.3231   1.7755 15.58040812 12034
1 41477U 98067HX  16215.83060386  .00013133  00000-0  17781-3 0  9990
2 41477  51.6391 184.1123 0001740   0.6777 359.4218 15.58054943 12110
1 41477U 98067HX  16215.89474390  .00013188  00000-0  17852-3 0  9999
2 41477  51.6392 183.7907 0001733   0.5555 359.5438 15.58056358 12129
1 41477U 98067HX  16216.15130328  .00014550  00000-0  19619-3 0  9996
2 41477  51.6393 182.5044 0001756   1.6391 358.4607 15.58063708 12161
1 41477U 98067HX  16216.47199945  .00018609  00000-0  24883-3 0  9999
2 41477  51.6394 180.8960 0001725   3.1545 356.9458 15.58078191 12219
1 41477U 98067HX  16216.72855408  .00020095  00000-0  26801-3 0  9994
2 41477  51.6394 179.6093 0001673   3.9653 356.1352 15.58089120 12255
1 41477U 98067HX  16216.92096807  .00024691  00000-0  32745-3 0  9996
2 41477  51.6395 178.6446 0001697   4.6546 355.4461 15.58103849 12283
1 41477U 98067HX  16217.11338160  .00024056  00000-0  31912-3 0  9999
2 41477  51.6396 177.6797 0001683   5.1250 354.9759 15.58111754 12317
1 41477U 98067HX  16217.88302376  .00021129  00000-0  28083-3 0  9996
2 41477  51.6398 173.8201 0001679   7.3685 352.7332 15.58145826 12431
1 41477U 98067HX  16218.13956761  .00020115  00000-0  26761-3 0  9993
2 41477  51.6399 172.5334 0001669   8.4278 351.6742 15.58155997 12471
1 41477U 98067HX  16218.46024517  .00016732  00000-0  22370-3 0  9996
2 41477  51.6399 170.9258 0001674   9.1779 350.9244 15.58167309 12523
1 41477U 98067HX  16219.10159265  .00018363  00000-0  24459-3 0  9999
2 41477  51.6400 167.7096 0001689  12.1727 347.9306 15.58192590 12629
1 41477U 98067HX  16219.42226261  .00017615  00000-0  23481-3 0  9998
2 41477  51.6399 166.1013 0001679  12.8885 347.2150 15.58204714 12676
1 41477U 98067HX  16219.80706354  .00018122  00000-0  24123-3 0  9994
2 41477  51.6400 164.1707 0001653  14.8615 345.2426 15.58218616 12739
1 41477U 98067HX  16219.87119631  .00018128  00000-0  24129-3 0  9999
2 41477  51.6400 163.8489 0001628  14.7548 345.3491 15.58221593 12740
1 41477U 98067HX  16220.06359499  .00018040  00000-0  24008-3 0  9999
2 41477  51.6400 162.8839 0001620  15.1973 344.9068 15.58228686 12775
1 41477U 98067HX  16220.83318088  .00018177  00000-0  24159-3 0  9991
2 41477  51.6399 159.0240 0001639  17.6639 342.4410 15.58257966 12892
1 41477U 98067HX  16220.89731202  .00019304  00000-0  25609-3 0  9998
2 41477  51.6399 158.7024 0001628  17.8115 342.2935 15.58262332 12902
1 41477U 98067HX  16221.21796771  .00019366  00000-0  25677-3 0  9990
2 41477  51.6399 157.0940 0001594  19.1444 340.9608 15.58274785 12955
1 41477U 98067HX  16221.79514118  .00019147  00000-0  25372-3 0  9995
2 41477  51.6397 154.1989 0001647  21.1153 338.9907 15.58297870 13043
1 41477U 98067HX  16221.85927064  .00021314  00000-0  28156-3 0  9992
2 41477  51.6397 153.8772 0001636  21.1374 338.9686 15.58303564 13055
1 41477U 98067HX  16222.17991791  .00021868  00000-0  28855-3 0  9996
2 41477  51.6397 152.2689 0001662  21.9720 338.1343 15.58317528 13100
1 41477U 98067HX  16222.82120428  .00020734  00000-0  27369-3 0  9999
2 41477  51.6396 149.0523 0001637  24.4377 335.6693 15.58343213 13209
1 41477U 98067HX  16222.88533193  .00023794  00000-0  31294-3 0  9993
2 41477  51.6395 148.7307 0001624  24.3519 335.7550 15.58348669 13211
1 41477U 98067HX  16223.07771505  .00023847  00000-0  31353-3 0  9991
2 41477  51.6395 147.7659 0001668  24.5998 335.5074 15.58356910 13241
1 41477U 98067HX  16223.84723520  .00024584  00000-0  32251-3 0  9997
2 41477  51.6396 143.9050 0001621  26.9470 333.1606 15.58396124 13364
1 41477U 98067HX  16224.16786296  .00024804  00000-0  32514-3 0  9999
2 41477  51.6395 142.2966 0001660  27.3331 332.7749 15.58412097 13412
1 41477U 98067HX  16224.23198785  .00024308  00000-0  31874-3 0  9994
2 41477  51.6395 141.9749 0001660  26.9954 333.1125 15.58415769 13426
1 41477U 98067HX  16224.74498501  .00020957  00000-0  27559-3 0  9990
2 41477  51.6394 139.4006 0001611  29.7272 330.3812 15.58436974 13505
1 41477U 98067HX  16224.87323301  .00024262  00000-0  31780-3 0  9993
2 41477  51.6394 138.7574 0001635  29.9449 330.1637 15.58445217 13526
1 41477U 98067HX  16225.12972739  .00025728  00000-0  33639-3 0  9990
2 41477  51.6395 137.4707 0001593  30.4897 329.6188 15.58457587 13569
1 41477U 98067HX  16225.19385071  .00027788  00000-0  36266-3 0  9991
2 41477  51.6395 137.1490 0001601  29.7944 330.3139 15.58462166 13574
1 41477U 98067HX  16225.77095527  .00024948  00000-0  32606-3 0  9998
2 41477  51.6397 134.2529 0001532  32.3398 327.7688 15.58486987 13669
1 41477U 98067HX  16225.89919939  .00023711  00000-0  31021-3 0  9990
2 41477  51.6397 133.6096 0001548  32.0485 328.0601 15.58491585 13683
1 41477U 98067HX  16226.15568610  .00024858  00000-0  32470-3 0  9998
2 41477  51.6397 132.3228 0001551  32.1160 327.9927 15.58504263 13723
1 41477U 98067HX  16226.28392869  .00022505  00000-0  29461-3 0  9996
2 41477  51.6397 131.6791 0001540  32.2119 327.8968 15.58509093 13745
1 41477U 98067HX  16226.79689512  .00022510  00000-0  29443-3 0  9992
2 41477  51.6400 129.1050 0001505  34.5229 325.5861 15.58531369 13825
1 41477U 98067HX  16226.92513567  .00021783  00000-0  28511-3 0  9999
2 41477  51.6400 128.4617 0001528  34.2988 325.8103 15.58535691 13846
1 41477U 98067HX  16226.98925570  .00022337  00000-0  29214-3 0  9993
2 41477  51.6400 128.1400 0001536  34.4229 325.6863 15.58538817 13857
1 41477U 98067HX  16227.88692541  .00018763  00000-0  24623-3 0  9999
2 41477  51.6402 123.6355 0001514  37.2220 322.8877 15.58572728 13994
1 41477U 98067HX  16227.95104382  .00019147  00000-0  25110-3 0  9997
2 41477  51.6401 123.3137 0001479  38.8605 321.2494 15.58575264 14001
1 41477U 98067HX  16228.14339859  .00018273  00000-0  23990-3 0  9991
2 41477  51.6402 122.3477 0001483  38.6342 321.4756 15.58582744 14036
1 41477U 98067HX  16228.27163482  .00017977  00000-0  23608-3 0  9998
2 41477  51.6402 121.7041 0001482  39.3239 320.7861 15.58587256 14052
1 41477U 98067HX  16228.84869314  .00019344  00000-0  25329-3 0  9990
2 41477  51.6402 118.8085 0001496  40.0560 320.0542 15.58609752 14143
1 41477U 98067HX  16228.91281024  .00019570  00000-0  25614-3 0  9992
2 41477  51.6402 118.4868 0001487  40.3527 319.7575 15.58612212 14151
1 41477U 98067HX  16229.10516080  .00020711  00000-0  27057-3 0  9999
2 41477  51.6403 117.5213 0001454  40.8502 319.2599 15.58620510 14182
1 41477U 98067HX  16229.87455373  .00019822  00000-0  25899-3 0  9993
2 41477  51.6402 113.6602 0001443  42.2849 317.8255 15.58649366 14305
1 41477U 98067HX  16229.93866909  .00020307  00000-0  26512-3 0  9994
2 41477  51.6402 113.3384 0001439  42.6614 317.4491 15.58652383 14310
1 41477U 98067HX  16230.13101449  .00021399  00000-0  27889-3 0  9999
2 41477  51.6402 112.3730 0001432  42.8283 317.2821 15.58661564 14340
1 41477U 98067HX  16230.83627296  .00019248  00000-0  25133-3 0  9999
2 41477  51.6400 108.8333 0001425  43.9199 316.1907 15.58687878 14458
1 41477U 98067HX  16230.90038689  .00018055  00000-0  23618-3 0  9990
2 41477  51.6400 108.5116 0001440  43.8506 316.2600 15.58688881 14469
1 41477U 98067HX  16231.22095407  .00019580  00000-0  25539-3 0  9995
2 41477  51.6399 106.9025 0001431  44.7669 315.3439 15.58703780 14519
1 41477U 98067HX  16231.86208078  .00018719  00000-0  24425-3 0  9991
2 41477  51.6397 103.6845 0001441  45.5988 314.5123 15.58728471 14611
1 41477U 98067HX  16232.11852829  .00019226  00000-0  25056-3 0  9994
2 41477  51.6396 102.3970 0001434  45.8959 314.2151 15.58739695 14650
1 41477U 98067HX  16232.88786137  .00016774  00000-0  21927-3 0  9994
2 41477  51.6395  98.5351 0001423  47.2795 312.8317 15.58767324 14771
1 41477U 98067HX  16233.01608227  .00016874  00000-0  22049-3 0  9990
2 41477  51.6395  97.8913 0001421  47.3332 312.7780 15.58772119 14796
1 41477U 98067HX  16233.46485201  .00016317  00000-0  21332-3 0  9990
2 41477  51.6393  95.6385 0001412  47.9561 312.1551 15.58788030 14860
1 41477U 98067HX  16233.84950815  .00018169  00000-0  23660-3 0  9993
2 41477  51.6393  93.7074 0001408  48.4009 311.7104 15.58804209 14925
1 41477U 98067HX  16234.17005235  .00018565  00000-0  24149-3 0  9990
2 41477  51.6393  92.0980 0001394  49.6118 310.4996 15.58816216 14972
1 41477U 98067HX  16234.49059461  .00015669  00000-0  20484-3 0  9995
2 41477  51.6392  90.4889 0001394  50.1059 310.0056 15.58823576 15029
1 41477U 98067HX  16234.81113464  .00015862  00000-0  20720-3 0  9993
2 41477  51.6392  88.8795 0001376  51.1928 308.9188 15.58834565 15079
1 41477U 98067HX  16235.06756455  .00018488  00000-0  24025-3 0  9993
2 41477  51.6392  87.5920 0001373  51.1930 308.9185 15.58846888 15118
1 41477U 98067HX  16235.77274071  .00014976  00000-0  19577-3 0  9994
2 41477  51.6393  84.0515 0001372  52.5019 307.6098 15.58866714 15224
1 41477U 98067HX  16236.15737743  .00015542  00000-0  20280-3 0  9990
2 41477  51.6394  82.1203 0001360  52.9564 307.1553 15.58880798 15289
1 41477U 98067HX  16236.73432664  .00015229  00000-0  19872-3 0  9995
2 41477  51.6395  79.2234 0001356  53.3132 306.7985 15.58899820 15372
1 41477U 98067HX  16236.92664084  .00018877  00000-0  24457-3 0  9996
2 41477  51.6396  78.2579 0001355  53.0392 307.0724 15.58911099 15400
1 41477U 98067HX  16236.99074528  .00019445  00000-0  25168-3 0  9993
2 41477  51.6395  77.9359 0001350  53.3649 306.7468 15.58914427 15414
1 41477U 98067HX  16237.56768088  .00020408  00000-0  26354-3 0  9997
2 41477  51.6397  75.0391 0001359  53.2795 306.8322 15.58939652 15508
1 41477U 98067HX  16237.75999020  .00020951  00000-0  27027-3 0  9991
2 41477  51.6398  74.0735 0001357  53.0984 307.0133 15.58949567 15538
1 41477U 98067HX  16237.95229799  .00021118  00000-0  27226-3 0  9999
2 41477  51.6398  73.1079 0001352  53.1951 306.9165 15.58959763 15564
1 41477U 98067HX  16238.78562086  .00016511  00000-0  21410-3 0  9990
2 41477  51.6400  68.9242 0001371  52.4890 307.6227 15.58995416 15693
1 41477U 98067HX  16238.91382269  .00017703  00000-0  22900-3 0  9997
2 41477  51.6400  68.2806 0001376  51.9632 308.1484 15.59001916 15713
1 41477U 98067HX  16238.97792347  .00017946  00000-0  23203-3 0  9991
2 41477  51.6400  67.9587 0001368  51.6066 308.5049 15.59004814 15726
1 41477U 98067HX  16239.55482613  .00016398  00000-0  21243-3 0  9990
2 41477  51.6400  65.0613 0001346  54.3478 305.7639 15.59026437 15817
1 41477U 98067HX  16239.74712524  .00017319  00000-0  22392-3 0  9998
2 41477  51.6399  64.0960 0001358  53.4889 306.6228 15.59033748 15847
1 41477U 98067HX  16239.93942322  .00019265  00000-0  24821-3 0  9991
2 41477  51.6399  63.1307 0001355  52.5111 307.6005 15.59043191 15877
1 41477U 98067HX  16240.51631179  .00018405  00000-0  23725-3 0  9999
2 41477  51.6399  60.2327 0001346  54.4020 305.7098 15.59065313 15968
1 41477U 98067HX  16240.70860617  .00017972  00000-0  23176-3 0  9999
2 41477  51.6399  59.2670 0001347  54.7860 305.3258 15.59072394 15997
1 41477U 98067HX  16241.47777450  .00017094  00000-0  22054-3 0  9995
2 41477  51.6398  55.4039 0001357  54.8493 305.2626 15.59101124 16114
1 41477U 98067HX  16241.86235330  .00019281  00000-0  24772-3 0  9993
2 41477  51.6398  53.4724 0001347  54.8498 305.2621 15.59118081 16178
1 41477U 98067HX  16241.92644956  .00018979  00000-0  24392-3 0  9999
2 41477  51.6398  53.1504 0001346  54.7947 305.3172 15.59120042 16181
1 41477U 98067HX  16242.50331101  .00019446  00000-0  24956-3 0  9995
2 41477  51.6397  50.2530 0001365  54.9122 305.1998 15.59141099 16274
1 41477U 98067HX  16242.82378647  .00021222  00000-0  27158-3 0  9998
2 41477  51.6398  48.6433 0001356  55.5400 304.5721 15.59153769 16324
1 41477U 98067HX  16242.88788096  .00026552  00000-0  33785-3 0  9991
2 41477  51.6398  48.3214 0001358  54.9131 305.1989 15.59162487 16335
1 41477U 98067HX  16243.33654040  .00023891  00000-0  30456-3 0  9998
2 41477  51.6398  46.0677 0001378  54.9859 305.1263 15.59177557 16409
1 41477U 98067HX  16243.52882147  .00022289  00000-0  28455-3 0  9996
2 41477  51.6398  45.1018 0001376  54.6337 305.4784 15.59183931 16431
1 41477U 98067HX  16243.84928627  .00028328  00000-0  35935-3 0  9996
2 41477  51.6398  43.4920 0001375  54.5650 305.5471 15.59206175 16485
1 41477U 98067HX  16244.04156372  .00029389  00000-0  37239-3 0  9996
2 41477  51.6399  42.5267 0001398  52.3828 307.7292 15.59215871 16510
1 41477U 98067HX  16244.49020533  .00027548  00000-0  34922-3 0  9995
2 41477  51.6401  40.2727 0001401  54.3598 305.7526 15.59239829 16585
1 41477U 98067HX  16244.81065958  .00025347  00000-0  32174-3 0  9993
2 41477  51.6402  38.6633 0001433  52.9320 307.1804 15.59254646 16630
1 41477U 98067HX  16244.87474978  .00026382  00000-0  33451-3 0  9994
2 41477  51.6401  38.3413 0001422  52.6481 307.4641 15.59259298 16646
1 41477U 98067HX  16245.45156470  .00041650  00000-0  51808-3 0  9994
2 41477  51.6395  35.4440 0001179  63.9095 296.2537 15.59291771 16732
1 41477U 98067HX  16245.77199753  .00034988  00000-0  44009-3 0  9991
2 41477  51.6404  33.8338 0001439  52.9740 307.1384 15.59318977 16780
1 41477U 98067HX  16245.83608545  .00035059  00000-0  44090-3 0  9992
2 41477  51.6404  33.5119 0001446  52.2108 307.9016 15.59323194 16791
1 41477U 98067HX  16246.47695212  .00036407  00000-0  45668-3 0  9990
2 41477  51.6405  30.2912 0001424  53.3100 306.8024 15.59371970 16890
1 41477U 98067HX  16247.43821391  .00036555  00000-0  45721-3 0  9990
2 41477  51.6408  25.4613 0001498  52.4644 307.6484 15.59446578 17045
1 41477U 98067HX  16247.75862470  .00038281  00000-0  47795-3 0  9999
2 41477  51.6408  23.8515 0001529  52.2864 307.8267 15.59471163 17099
1 41477U 98067HX  16248.52759002  .00033122  00000-0  41381-3 0  9995
2 41477  51.6408  19.9874 0001526  53.2330 306.8803 15.59524938 17217
1 41477U 98067HX  16248.71982730  .00034498  00000-0  43044-3 0  9997
2 41477  51.6407  19.0214 0001537  52.9575 307.1558 15.59539316 17244
1 41477U 98067HX  16249.55283531  .00029189  00000-0  36465-3 0  9993
2 41477  51.6409  14.8349 0001547  53.9286 306.1850 15.59594420 17374
1 41477U 98067HX  16249.80913993  .00032380  00000-0  40336-3 0  9992
2 41477  51.6409  13.5469 0001605  51.6346 308.4791 15.59613564 17415
1 41477U 98067HX  16250.70618622  .00026963  00000-0  33653-3 0  9998
2 41477  51.6407   9.0383 0001666  53.1429 306.9717 15.59662934 17555
1 41477U 98067HX  16250.70619508  .00019190  00000-0  23531-3 0  9990
2 41477  51.6406   9.0397 0001574  54.0622 306.1041 15.59668067 17557
1 41477U 98067HX  16250.83433334  .00027511  00000-0  34312-3 0  9990
2 41477  51.6407   8.3942 0001670  52.7561 307.3584 15.59670897 17571
1 41477U 98067HX  16251.47506066  .00029520  00000-0  36713-3 0  9993
2 41477  51.6407   5.1742 0001687  53.1820 306.9328 15.59706337 17676
1 41477U 98067HX  16251.73134790  .00026565  00000-0  33099-3 0  9993
2 41477  51.6406   3.8861 0001716  52.3051 307.8098 15.59717191 17711
1 41477U 98067HX  16252.88460680  .00029604  00000-0  36698-3 0  9995
2 41477  51.6405 358.0882 0001769  53.3997 306.7158 15.59790798 17894
1 41477U 98067HX  16253.46121675  .00027296  00000-0  33853-3 0  9993
2 41477  51.6405 355.1894 0001805  54.8561 305.2601 15.59823793 17988
1 41477U 98067HX  16253.65341739  .00027506  00000-0  34093-3 0  9990
2 41477  51.6405 354.2233 0001833  54.3696 305.7468 15.59834868 18016
1 41477U 98067HX  16254.48627274  .00027443  00000-0  33961-3 0  9996
2 41477  51.6405 350.0356 0001856  55.9287 304.1882 15.59877922 18149
1 41477U 98067HX  16255.44723188  .00024615  00000-0  30482-3 0  9997
2 41477  51.6406 345.2037 0001905  57.5355 302.5823 15.59924827 18291
1 41477U 98067HX  16255.70348284  .00024385  00000-0  30190-3 0  9996
2 41477  51.6405 343.9151 0001930  56.7763 303.3415 15.59937146 18333
1 41477U 98067HX  16256.21597771  .00025013  00000-0  30917-3 0  9996
2 41477  51.6405 341.3374 0001936  59.5551 300.5633 15.59964335 18414
1 41477U 98067HX  16256.47222205  .00026432  00000-0  32614-3 0  9993
2 41477  51.6404 340.0492 0001963  58.8746 301.2439 15.59977762 18452
1 41477U 98067HX  16256.60034323  .00028317  00000-0  34875-3 0  9995
2 41477  51.6405 339.4051 0001971  58.4675 301.6511 15.59986194 18478
1 41477U 98067HX  16257.43311759  .00025461  00000-0  31382-3 0  9995
2 41477  51.6405 335.2171 0002001  59.9903 300.1289 15.60028467 18603
1 41477U 98067HX  16257.62529274  .00027049  00000-0  33278-3 0  9999
2 41477  51.6405 334.2507 0002006  59.8581 300.2611 15.60040448 18637
1 41477U 98067HX  16258.45803686  .00022729  00000-0  28032-3 0  9995
2 41477  51.6403 330.0625 0002047  62.6837 297.4364 15.60083849 18769
1 41477U 98067HX  16258.58614913  .00024553  00000-0  30214-3 0  9994
2 41477  51.6403 329.4182 0002052  61.9153 298.2048 15.60092650 18788
1 41477U 98067HX  16259.41886469  .00027082  00000-0  33191-3 0  9991
2 41477  51.6400 325.2297 0002091  64.0846 296.0363 15.60140813 18918
1 41477U 98067HX  16259.54697182  .00029696  00000-0  36307-3 0  9992
2 41477  51.6400 324.5856 0002097  63.5808 296.5400 15.60152027 18938
1 41477U 98067HX  16260.37965413  .00023373  00000-0  28679-3 0  9999
2 41477  51.6397 320.3968 0002118  65.7011 294.4203 15.60200368 19060
1 41477U 98067HX  16260.57180834  .00024137  00000-0  29581-3 0  9999
2 41477  51.6397 319.4303 0002137  65.6336 294.4880 15.60211110 19093
1 41477U 98067HX  16261.08421393  .00023965  00000-0  29347-3 0  9992
2 41477  51.6395 316.8519 0002144  68.4171 291.7050 15.60236074 19171
1 41477U 98067HX  16261.53256280  .00021628  00000-0  26536-3 0  9994
2 41477  51.6394 314.5969 0002185  68.2805 291.8420 15.60254109 19240
1 41477U 98067HX  16261.59661233  .00021296  00000-0  26136-3 0  9995
2 41477  51.6393 314.2746 0002178  68.0786 292.0439 15.60256377 19250
1 41477U 98067HX  16262.17305236  .00021348  00000-0  26175-3 0  9999
2 41477  51.6392 311.3740 0002194  71.2378 288.8854 15.60279914 19348
1 41477U 98067HX  16262.49329296  .00019995  00000-0  24549-3 0  9994
2 41477  51.6391 309.7632 0002220  70.9037 289.2196 15.60291541 19395
1 41477U 98067HX  16262.74948325  .00020894  00000-0  25610-3 0  9992
2 41477  51.6390 308.4738 0002210  71.9256 288.1978 15.60303816 19430
1 41477U 98067HX  16263.13376515  .00022074  00000-0  26998-3 0  9994
2 41477  51.6391 306.5398 0002221  73.9373 286.1865 15.60322341 19499
1 41477U 98067HX  16263.51804272  .00024280  00000-0  29605-3 0  9991
2 41477  51.6390 304.6067 0002253  73.6986 286.4255 15.60341362 19559
1 41477U 98067HX  16264.15849268  .00035241  00000-0  42560-3 0  9990
2 41477  51.6390 301.3834 0002283  77.0457 283.0791 15.60385485 19652
1 41477U 98067HX  16264.47871064  .00037210  00000-0  44854-3 0  9990
2 41477  51.6390 299.7723 0002296  77.4987 282.6264 15.60408204 19706
1 41477U 98067HX  16265.18317646  .00029883  00000-0  36121-3 0  9995
2 41477  51.6390 296.2268 0002293  80.9520 279.1733 15.60447979 19817
1 41477U 98067HX  16265.31125934  .00029604  00000-0  35782-3 0  9990
2 41477  51.6389 295.5824 0002305  80.5797 279.5457 15.60454482 19837
1 41477U 98067HX  16266.14378310  .00023808  00000-0  28871-3 0  9991
2 41477  51.6391 291.3924 0002318  83.1586 276.9671 15.60497527 19964
1 41477U 98067HX  16266.33590089  .00023813  00000-0  28867-3 0  9992
2 41477  51.6390 290.4257 0002340  82.9586 277.1673 15.60506605 19990
1 41477U 98067HX  16266.91224734  .00022950  00000-0  27818-3 0  9993
2 41477  51.6390 287.5244 0002340  85.7623 274.3638 15.60533327 20089
1 41477U 98067HX  16267.29648160  .00025199  00000-0  29867-3 0  9992
2 41477  51.6388 285.5916 0002282  87.8614 272.3166 15.60553387 20147
1 41477U 98067HX  16267.87280406  .00022075  00000-0  26742-3 0  9990
2 41477  51.6389 282.6897 0002364  90.5918 269.5346 15.60573971 20232
1 41477U 98067HX  16267.93684029  .00022715  00000-0  27494-3 0  9992
2 41477  51.6388 282.3673 0002375  90.9618 269.1648 15.60577330 20248
1 41477U 98067HX  16268.25701981  .00022692  00000-0  27453-3 0  9994
2 41477  51.6388 280.7562 0002383  91.3703 268.7563 15.60590666 20299
1 41477U 98067HX  16268.57719643  .00023205  00000-0  28042-3 0  9999
2 41477  51.6387 279.1445 0002378  92.0795 268.0470 15.60605508 20341
1 41477U 98067HX  16269.21753991  .00030814  00000-0  36949-3 0  9994
2 41477  51.6386 275.9210 0002403  96.0348 264.0919 15.60641100 20444
1 41477U 98067HX  16269.40964023  .00031074  00000-0  37239-3 0  9997
2 41477  51.6386 274.9543 0002403  94.6235 265.5033 15.60651746 20474
1 41477U 98067HX  16269.85786784  .00026913  00000-0  32322-3 0  9996
2 41477  51.6384 272.6973 0002402  97.9836 262.1430 15.60676203 20543
1 41477U 98067HX  16270.17802618  .00026453  00000-0  31759-3 0  9990
2 41477  51.6383 271.0860 0002414  97.8404 262.2863 15.60694991 20593
1 41477U 98067HX  16270.37011905  .00034121  00000-0  40721-3 0  9993
2 41477  51.6382 270.1191 0002425  97.6064 262.5205 15.60712464 20624
1 41477U 98067HX  16270.81833763  .00046686  00000-0  54942-3 0  9995
2 41477  51.6380 267.8601 0002487 110.8871 249.2911 15.60737887 20692
1 41477U 98067HX  16270.94639583  .00045732  00000-0  53797-3 0  9991
2 41477  51.6382 267.2164 0002436 107.9031 252.2749 15.60748797 20719
1 41477U 98067HX  16271.84278244  .00053408  00000-0  62656-3 0  9997
2 41477  51.6382 262.7087 0002294  90.1934 269.9842 15.60820028 20852
1 41477U 98067HX  16271.97084267  .00029237  00000-0  34316-3 0  9996
2 41477  51.6375 262.0559 0002701 102.7151 257.4667 15.60806551 20903
1 41477U 98067HX  16272.03484735  .00037418  00000-0  44360-3 0  9998
2 41477  51.6379 261.7357 0002437 105.7911 254.3351 15.60840455 20886
1 41477U 98067HX  16272.16290983  .00055079  00000-0  64551-3 0  9999
2 41477  51.6388 261.0959 0002144  81.2396 278.9360 15.60846841 20907
1 41477U 98067HX  16272.35497193  .00035779  00000-0  42416-3 0  9993
2 41477  51.6378 260.1237 0002431 105.2991 254.8271 15.60863066 20937
1 41477U 98067HX  16272.86716077  .00038802  00000-0  45860-3 0  9990
2 41477  51.6378 257.5443 0002428 107.6729 252.4529 15.60903208 21010
1 41477U 98067HX  16273.18727232  .00039737  00000-0  46901-3 0  9996
2 41477  51.6378 255.9321 0002439 109.5832 250.5425 15.60927217 21060
1 41477U 98067HX  16273.37933670  .00040057  00000-0  47244-3 0  9990
2 41477  51.6377 254.9648 0002438 110.2948 249.8308 15.60942651 21099
1 41477U 98067HX  16274.21159152  .00036997  00000-0  43584-3 0  9990
2 41477  51.6380 250.7729 0002439 113.7018 246.4231 15.61010996 21226
1 41477U 98067HX  16274.40364529  .00036355  00000-0  42816-3 0  9992
2 41477  51.6381 249.8055 0002439 114.3639 245.7609 15.61026500 21256
1 41477U 98067HX  16274.91578125  .00032808  00000-0  38665-3 0  9993
2 41477  51.6383 247.2257 0002456 116.4709 243.6537 15.61060517 21336
1 41477U 98067HX  16275.17184552  .00034809  00000-0  40949-3 0  9990
2 41477  51.6384 245.9358 0002475 116.8983 243.2264 15.61077462 21377
1 41477U 98067HX  16275.36389184  .00030861  00000-0  36378-3 0  9994
2 41477  51.6384 244.9684 0002475 117.5054 242.6191 15.61086996 21403
1 41477U 98067HX  16275.94002209  .00032077  00000-0  37728-3 0  9999
2 41477  51.6384 242.0661 0002478 120.3463 239.7776 15.61123969 21493
1 41477U 98067HX  16276.13206272  .00034090  00000-0  40029-3 0  9992
2 41477  51.6385 241.0987 0002481 121.5651 238.5585 15.61136069 21524
1 41477U 98067HX  16276.32410183  .00032190  00000-0  37826-3 0  9991
2 41477  51.6384 240.1314 0002457 122.4494 237.6737 15.61146523 21553
1 41477U 98067HX  16276.90020969  .00030721  00000-0  36083-3 0  9996
2 41477  51.6387 237.2289 0002456 125.2305 234.8919 15.61183472 21640
1 41477U 98067HX  16277.15625323  .00033050  00000-0  38735-3 0  9993
2 41477  51.6388 235.9389 0002459 125.9334 234.1888 15.61201248 21683
1 41477U 98067HX  16277.47630324  .00034366  00000-0  40210-3 0  9997
2 41477  51.6388 234.3264 0002467 127.0155 233.1065 15.61225116 21733
1 41477U 98067HX  16277.92436644  .00028405  00000-0  33333-3 0  9991
2 41477  51.6388 232.0689 0002480 129.1350 230.9864 15.61249853 21808
1 41477U 98067HX  16278.11639106  .00029979  00000-0  35123-3 0  9997
2 41477  51.6388 231.1015 0002492 129.8522 230.2691 15.61262467 21832
1 41477U 98067HX  16278.43642777  .00034374  00000-0  40120-3 0  9998
2 41477  51.6387 229.4890 0002496 130.9740 229.1469 15.61289051 21884
1 41477U 98067HX  16278.88447073  .00035407  00000-0  41248-3 0  9999
2 41477  51.6387 227.2313 0002534 133.6641 226.4563 15.61323369 21957
1 41477U 98067HX  16279.07648612  .00036588  00000-0  42573-3 0  9996
2 41477  51.6387 226.2639 0002535 134.6666 225.4535 15.61338270 21984
1 41477U 98067HX  16279.26849938  .00040522  00000-0  47029-3 0  9995
2 41477  51.6387 225.2963 0002542 135.8061 224.3136 15.61356802 22014
1 41477U 98067HX  16279.84452922  .00035877  00000-0  41665-3 0  9999
2 41477  51.6388 222.3934 0002542 138.4903 221.6284 15.61397924 22109
1 41477U 98067HX  16280.10053775  .00034629  00000-0  40217-3 0  9999
2 41477  51.6387 221.1034 0002537 139.3348 220.7836 15.61414640 22145
1 41477U 98067HX  16280.29254213  .00032248  00000-0  37487-3 0  9999
2 41477  51.6386 220.1357 0002514 140.0841 220.0338 15.61426742 22172
1 41477U 98067HX  16280.42054431  .00030466  00000-0  35446-3 0  9997
2 41477  51.6386 219.4905 0002524 140.6620 219.4558 15.61434412 22195
1 41477U 98067HX  16281.18854358  .00034142  00000-0  39555-3 0  9997
2 41477  51.6383 215.6200 0002545 143.9870 216.1295 15.61485032 22314
1 41477U 98067HX  16281.25254239  .00034496  00000-0  39950-3 0  9998
2 41477  51.6383 215.2974 0002564 144.3832 215.7333 15.61489524 22321
1 41477U 98067HX  16281.82852417  .00032498  00000-0  37628-3 0  9993
2 41477  51.6381 212.3941 0002578 147.2983 212.8171 15.61526037 22414
1 41477U 98067HX  16282.21250411  .00035026  00000-0  40453-3 0  9993
2 41477  51.6382 210.4585 0002587 148.9683 211.1464 15.61552868 22477
1 41477U 98067HX  16282.27650023  .00034661  00000-0  40034-3 0  9991
2 41477  51.6381 210.1359 0002586 149.2512 210.8633 15.61556944 22480
1 41477U 98067HX  16282.78846123  .00037358  00000-0  43022-3 0  9991
2 41477  51.6382 207.5548 0002599 151.4140 208.6996 15.61596012 22563
1 41477U 98067HX  16283.17242392  .00035133  00000-0  40467-3 0  9992
2 41477  51.6381 205.6192 0002603 152.7661 207.3470 15.61621988 22625
1 41477U 98067HX  16283.23641697  .00034222  00000-0  39431-3 0  9997
2 41477  51.6381 205.2966 0002601 153.1612 206.9517 15.61626281 22638
1 41477U 98067HX  16283.81234639  .00034603  00000-0  39796-3 0  9992
2 41477  51.6380 202.3930 0002620 155.9498 204.1619 15.61668559 22726
1 41477U 98067HX  16283.94032853  .00036706  00000-0  42150-3 0  9994
2 41477  51.6380 201.7477 0002619 156.6332 203.4781 15.61679057 22747
1 41477U 98067HX  16284.13230018  .00038759  00000-0  44436-3 0  9998
2 41477  51.6380 200.7800 0002619 157.5648 202.5461 15.61694992 22779
1 41477U 98067HX  16284.19629027  .00040851  00000-0  46778-3 0  9993
2 41477  51.6380 200.4573 0002621 157.9222 202.1885 15.61701654 22789
1 41477U 98067HX  16284.83617983  .00041139  00000-0  47008-3 0  9999
2 41477  51.6382 197.2308 0002626 161.4057 198.7033 15.61753400 22883
1 41477U 98067HX  16284.90016755  .00039769  00000-0  45463-3 0  9996
2 41477  51.6383 196.9081 0002621 161.7437 198.3651 15.61757426 22893
1 41477U 98067HX  16285.15611629  .00040801  00000-0  46581-3 0  9996
2 41477  51.6383 195.6175 0002616 162.8218 197.2864 15.61779553 22930
1 41477U 98067HX  16285.22010295  .00038876  00000-0  44415-3 0  9999
2 41477  51.6384 195.2949 0002618 163.0460 197.0622 15.61783702 22942
1 41477U 98067HX  16285.79597355  .00033347  00000-0  38146-3 0  9990
2 41477  51.6385 192.3907 0002641 165.5424 194.5646 15.61826558 23034
1 41477U 98067HX  16285.92394270  .00033371  00000-0  38160-3 0  9999
2 41477  51.6385 191.7455 0002634 165.8314 194.2755 15.61835762 23055
1 41477U 98067HX  16286.11589516  .00034510  00000-0  39414-3 0  9999
2 41477  51.6385 190.7776 0002643 166.6670 193.4394 15.61850219 23081
1 41477U 98067HX  16286.17987867  .00032843  00000-0  37541-3 0  9992
2 41477  51.6385 190.4550 0002643 167.0001 193.1062 15.61854290 23094
1 41477U 98067HX  16286.88368866  .00033767  00000-0  38504-3 0  9998
2 41477  51.6386 186.9056 0002638 170.2329 189.8717 15.61902487 23203
1 41477U 98067HX  16287.13961453  .00034871  00000-0  39712-3 0  9997
2 41477  51.6386 185.6149 0002653 171.5235 188.5804 15.61919564 23240
1 41477U 98067HX  16287.90736823  .00058052  00000-0  65316-3 0  9999
2 41477  51.6388 181.7426 0002651 175.4403 184.6616 15.62003077 23360
1 41477U 98067HX  16288.09929886  .00058263  00000-0  65487-3 0  9996
2 41477  51.6388 180.7745 0002637 176.1251 183.9764 15.62027837 23395
1 41477U 98067HX  16288.29122529  .00063937  00000-0  71665-3 0  9996
2 41477  51.6387 179.8063 0002647 177.2258 182.8751 15.62060588 23424
1 41477U 98067HX  16288.80301063  .00047118  00000-0  52920-3 0  9991
2 41477  51.6384 177.2252 0002649 179.7762 180.3234 15.62138070 23502
1 41477U 98067HX  16288.93095374  .00037518  00000-0  42287-3 0  9998
2 41477  51.6385 176.5795 0002676 179.8610 180.2385 15.62150937 23524
1 41477U 98067HX  16289.12286681  .00042805  00000-0  48092-3 0  9998
2 41477  51.6383 175.6111 0002739 180.6964 179.4026 15.62171804 23557
1 41477U 98067HX  16289.50668580  .00031726  00000-0  35804-3 0  9999
2 41477  51.6381 173.6756 0002661 182.5387 177.5594 15.62203028 23612
1 41477U 98067HX  16289.76256185  .00030911  00000-0  34876-3 0  9994
2 41477  51.6379 172.3842 0002650 184.3232 175.7739 15.62222330 23650
1 41477U 98067HX  16289.89049828  .00035643  00000-0  40083-3 0  9996
2 41477  51.6381 171.7382 0002685 185.1061 174.9907 15.62234112 23673
1 41477U 98067HX  16290.21033617  .00035862  00000-0  40283-3 0  9998
2 41477  51.6381 170.1239 0002733 186.0447 174.0514 15.62260403 23722
1 41477U 98067HX  16290.84999772  .00032566  00000-0  36590-3 0  9994
2 41477  51.6378 166.8956 0002672 189.0807 171.0139 15.62303195 23828
1 41477U 98067HX  16290.91396265  .00034073  00000-0  38240-3 0  9999
2 41477  51.6377 166.5728 0002683 189.5163 170.5780 15.62309124 23838
1 41477U 98067HX  16291.10585690  .00034197  00000-0  38356-3 0  9998
2 41477  51.6376 165.6043 0002683 190.7145 169.3793 15.62323058 23866
1 41477U 98067HX  16291.23378521  .00038320  00000-0  42865-3 0  9997
2 41477  51.6375 164.9586 0002682 191.3016 168.7919 15.62336200 23880
1 41477U 98067HX  16291.68152974  .00033302  00000-0  37314-3 0  9996
2 41477  51.6372 162.6988 0002692 193.3323 166.7601 15.62362892 23952
1 41477U 98067HX  16291.80945515  .00034811  00000-0  38956-3 0  9990
2 41477  51.6372 162.0531 0002678 194.0226 166.0694 15.62372086 23977
1 41477U 98067HX  16291.87341744  .00034980  00000-0  39135-3 0  9998
2 41477  51.6372 161.7302 0002681 194.1973 165.8946 15.62376544 23984
1 41477U 98067HX  16292.06530373  .00036381  00000-0  40650-3 0  9999
2 41477  51.6371 160.7618 0002682 195.3702 164.7212 15.62390419 24012
1 41477U 98067HX  16292.83283301  .00031748  00000-0  35504-3 0  9994
2 41477  51.6370 156.8875 0002657 199.3923 160.6971 15.62437768 24132
1 41477U 98067HX  16292.89679282  .00029328  00000-0  32849-3 0  9997
2 41477  51.6370 156.5646 0002654 199.7160 160.3732 15.62439633 24145
1 41477U 98067HX  16293.08867118  .00030928  00000-0  34585-3 0  9993
2 41477  51.6371 155.5961 0002640 200.3696 159.7194 15.62452863 24170
1 41477U 98067HX  16293.85617272  .00025909  00000-0  29044-3 0  9999
2 41477  51.6371 151.7224 0002609 203.5277 156.5598 15.62489669 24295
1 41477U 98067HX  16293.92013040  .00026177  00000-0  29334-3 0  9990
2 41477  51.6371 151.3996 0002580 203.8193 156.2682 15.62493063 24301
1 41477U 98067HX  16294.04804532  .00026357  00000-0  29524-3 0  9999
2 41477  51.6371 150.7539 0002571 204.7859 155.3012 15.62499489 24323
1 41477U 98067HX  16294.36783054  .00023080  00000-0  25924-3 0  9999
2 41477  51.6372 149.1391 0002607 205.9326 154.1537 15.62511867 24373
1 41477U 98067HX  16294.55970778  .00020455  00000-0  22457-3 0  9992
2 41477  51.6367 148.1715 0002496 210.9639 149.1729 15.62530164 24407
1 41477U 98067HX  16294.81552550  .00023317  00000-0  26164-3 0  9994
2 41477  51.6372 146.8792 0002575 208.2374 151.8481 15.62530767 24445
1 41477U 98067HX  16295.07134856  .00024162  00000-0  27076-3 0  9990
2 41477  51.6372 145.5878 0002564 210.1256 149.9591 15.62542909 24480
<End of file>
