=====================================================================
  41478 1998-067HY  NODES 1                                          
  Launched: 1998-11-20 (324)           Start Date: 2016-05-16 (137)  
   Decayed:                             Stop Date: 2016-10-21 (295)  
=====================================================================
1 41478U 98067HY  16139.39175642  .00019442  00000-0  28679-3 0  9996
2 41478  51.6399 206.6807 0002445  17.6085  62.2709 15.55384083   200
1 41478U 98067HY  16139.46522699  .00030466  00000-0  44456-3 0  9992
2 41478  51.6401 206.3098 0002143  15.8577 115.6977 15.55400914   217
1 41478U 98067HY  16139.52275448  .00030471  00000-0  44456-3 0  9992
2 41478  51.6401 206.0223 0002143  16.1019  77.7943 15.55405507   224
1 41478U 98067HY  16140.16793241  .00024153  00000-0  35384-3 0  9990
2 41478  51.6407 202.7899 0002350  15.2832  93.6628 15.55426472   327
1 41478U 98067HY  16140.23144370  .00019084  00000-0  28125-3 0  9993
2 41478  51.6412 202.4740 0003607  17.8261  86.9701 15.55421327   337
1 41478U 98067HY  16140.42583005  .00021694  00000-0  31852-3 0  9997
2 41478  51.6415 201.5018 0003595  15.5990  98.3930 15.55432398   362
1 41478U 98067HY  16140.46976088  .00002841  00000-0  40872-4 0  9994
2 41478  51.6407 201.2690 0001343  74.4395 285.7274 15.55404162   370
1 41478U 98067HY  16140.46976341  .00024541  00000-0  35261-3 0  9992
2 41478  51.6411 201.2849 0003237  19.8567 340.3072 15.55435099   321
1 41478U 98067HY  16140.49264948  .00021436  00000-0  31480-3 0  9997
2 41478  51.6414 201.1675 0003709  15.4266 112.9713 15.55434644   377
1 41478U 98067HY  16140.49487664  .00021940  00000-0  32203-3 0  9993
2 41478  51.6420 201.1587 0002709  15.7362 125.1513 15.55435736   372
1 41478U 98067HY  16141.19443198  .00020578  00000-0  30222-3 0  9990
2 41478  51.6414 197.6609 0003374  18.7216  81.9924 15.55461455   483
1 41478U 98067HY  16141.52435419  .00020500  00000-0  30096-3 0  9998
2 41478  51.6418 196.0123 0003226  20.2255 129.1756 15.55474902   533
1 41478U 98067HY  16142.09162844  .00020283  00000-0  29761-3 0  9995
2 41478  51.6415 193.1779 0003335  21.4280  66.6712 15.55497401   623
1 41478U 98067HY  16142.48775047  .00019877  00000-0  29166-3 0  9999
2 41478  51.6416 191.1981 0003230  23.1195 124.6530 15.55511262   686
1 41478U 98067HY  16143.18682715  .00019566  00000-0  28695-3 0  9997
2 41478  51.6418 187.7051 0003117  26.7223  78.3892 15.55537275   792
1 41478U 98067HY  16143.45037667  .00019419  00000-0  28475-3 0  9990
2 41478  51.6418 186.3881 0003202  27.7683 114.1801 15.55546673   830
1 41478U 98067HY  16143.57635241  .00019425  00000-0  28479-3 0  9996
2 41478  51.6420 185.7598 0003341  27.6997 100.1767 15.55551720   859
1 41478U 98067HY  16143.95021124  .00019057  00000-0  27939-3 0  9998
2 41478  51.6429 183.8925 0003332  30.6814  32.1947 15.55564859   911
1 41478U 98067HY  16144.01704565  .00019048  00000-0  27924-3 0  9997
2 41478  51.6428 183.5582 0003358  30.3693  47.0306 15.55567435   924
1 41478U 98067HY  16144.33598613  .00018965  00000-0  27794-3 0  9999
2 41478  51.6427 181.9643 0003477  30.9417  33.7272 15.55579271   975
1 41478U 98067HY  16144.33598613  .00018840  00000-0  27618-3 0  9996
2 41478  51.6431 181.9681 0003145  30.7783  33.8896 15.55578583   976
1 41478U 98067HY  16144.91327468  .00018728  00000-0  27434-3 0  9999
2 41478  51.6427 179.0797 0003457  34.1700  25.5292 15.55600269  1066
1 41478U 98067HY  16145.11373405  .00018643  00000-0  27308-3 0  9990
2 41478  51.6425 178.0782 0003360  35.2702  67.7788 15.55607265  1098
1 41478U 98067HY  16145.44195321  .00018470  00000-0  27050-3 0  9997
2 41478  51.6428 176.4400 0003187  33.4896 108.8671 15.55618399  1145
1 41478U 98067HY  16145.44195321  .00018543  00000-0  27153-3 0  9992
2 41478  51.6426 176.4371 0003373  36.0158 106.3452 15.55619024  1143
1 41478U 98067HY  16145.94294705  .00018299  00000-0  26790-3 0  9997
2 41478  51.6427 173.9356 0003187  37.0489  32.8629 15.55636334  1221
1 41478U 98067HY  16146.07657293  .00017969  00000-0  26317-3 0  9995
2 41478  51.6425 173.2677 0003277  36.4069  62.3337 15.55639109  1244
1 41478U 98067HY  16146.33700524  .00017610  00000-0  25799-3 0  9996
2 41478  51.6432 171.9688 0003426  36.8885  81.3054 15.55646067  1287
1 41478U 98067HY  16146.57290545  .00014661  00000-0  20904-3 0  9995
2 41478  51.6401 170.7972 0003020  39.4524 320.7210 15.55643800  1326
1 41478U 98067HY  16146.90587177  .00016755  00000-0  24569-3 0  9999
2 41478  51.6430 169.1287 0003146  43.7633  22.3914 15.55662300  1374
1 41478U 98067HY  16147.09350544  .00016287  00000-0  23899-3 0  9991
2 41478  51.6426 168.1904 0003534  41.9331 355.7273 15.55666083  1407
1 41478U 98067HY  16147.43427568  .00016025  00000-0  23519-3 0  9999
2 41478  51.6432 166.4899 0003547  40.8018 106.5688 15.55675644  1452
1 41478U 98067HY  16147.49995247  .00015974  00000-0  23445-3 0  9999
2 41478  51.6433 166.1614 0003545  40.9054 114.5269 15.55677517  1460
1 41478U 98067HY  16147.93516388  .00014972  00000-0  22013-3 0  9990
2 41478  51.6430 163.9854 0003354  48.3318  26.0886 15.55686287  1535
1 41478U 98067HY  16148.05611626  .00014839  00000-0  21823-3 0  9995
2 41478  51.6431 163.3807 0003506  47.4171 344.8398 15.55689254  1552
1 41478U 98067HY  16148.32450652  .00014499  00000-0  21336-3 0  9996
2 41478  51.6427 162.0387 0003255  52.3208  44.0437 15.55695059  1590
1 41478U 98067HY  16148.46240377  .00014428  00000-0  21232-3 0  9999
2 41478  51.6427 161.3495 0003265  52.0545  97.1150 15.55698717  1612
1 41478U 98067HY  16149.08540780  .00013807  00000-0  20338-3 0  9995
2 41478  51.6429 158.2370 0003231  54.6626 345.9746 15.55713866  1711
1 41478U 98067HY  16149.42524013  .00013924  00000-0  20496-3 0  9999
2 41478  51.6435 156.5400 0003255  59.0186  86.1469 15.55724380  1763
1 41478U 98067HY  16150.25002590  .00014723  00000-0  21609-3 0  9998
2 41478  51.6417 152.4184 0002904  60.5614  27.0328 15.55753030  1896
1 41478U 98067HY  16151.01117556  .00016567  00000-0  24192-3 0  9990
2 41478  51.6419 148.6154 0003002  67.6885 325.7901 15.55786723  2015
1 41478U 98067HY  16151.41742501  .00016900  00000-0  24648-3 0  9995
2 41478  51.6415 146.5842 0003157  69.1238  81.2217 15.55802739  2078
1 41478U 98067HY  16152.17696193  .00018791  00000-0  27284-3 0  9993
2 41478  51.6424 142.7883 0003469  68.4472  18.8913 15.55840273  2196
1 41478U 98067HY  16152.37924207  .00019582  00000-0  28386-3 0  9998
2 41478  51.6426 141.7767 0003596  67.6109  73.4914 15.55853717  2226
1 41478U 98067HY  16152.93569433  .00020838  00000-0  30127-3 0  9998
2 41478  51.6423 138.9963 0003267  73.8074 306.1365 15.55881698  2319
1 41478U 98067HY  16153.00197940  .00020809  00000-0  30083-3 0  9996
2 41478  51.6423 138.6648 0003294  73.5168 317.9470 15.55884336  2327
1 41478U 98067HY  16153.40907772  .00020712  00000-0  29929-3 0  9992
2 41478  51.6424 136.6300 0003264  75.6908  77.5281 15.55900881  2382
1 41478U 98067HY  16154.16842963  .00020857  00000-0  30097-3 0  9994
2 41478  51.6424 132.8333 0003226  78.8916  10.5133 15.55933699  2508
1 41478U 98067HY  16154.37158646  .00020906  00000-0  30155-3 0  9995
2 41478  51.6425 131.8178 0003231  78.7024  69.4172 15.55942645  2530
1 41478U 98067HY  16154.92844169  .00020758  00000-0  29923-3 0  9994
2 41478  51.6426 129.0353 0003167  78.6337 310.7418 15.55965595  2623
1 41478U 98067HY  16155.13127000  .00020690  00000-0  29818-3 0  9994
2 41478  51.6427 128.0211 0003132  79.7093   6.5599 15.55973722  2653
1 41478U 98067HY  16155.33454308  .00020459  00000-0  29486-3 0  9994
2 41478  51.6429 127.0048 0003052  78.1431  67.5115 15.55980712  2683
1 41478U 98067HY  16155.88993951  .00020348  00000-0  29306-3 0  9994
2 41478  51.6425 124.2286 0003119  80.3287 298.4825 15.56003299  2770
1 41478U 98067HY  16156.15944045  .00019615  00000-0  28272-3 0  9991
2 41478  51.6415 122.8827 0003215  86.7738   2.6577 15.56009373  2815
1 41478U 98067HY  16156.36487141  .00019528  00000-0  28142-3 0  9992
2 41478  51.6418 121.8558 0003092  86.2864  74.6582 15.56017035  2848
1 41478U 98067HY  16156.92047231  .00018722  00000-0  26993-3 0  9993
2 41478  51.6416 119.0767 0003275  82.9597 312.3469 15.56035189  2932
1 41478U 98067HY  16157.12314975  .00018563  00000-0  26764-3 0  9997
2 41478  51.6423 118.0631 0003181  85.7039   5.7002 15.56042014  2961
1 41478U 98067HY  16157.32709616  .00018516  00000-0  26690-3 0  9995
2 41478  51.6422 117.0431 0003176  85.2224  69.3985 15.56049448  2999
1 41478U 98067HY  16157.82748823  .00017070  00000-0  24655-3 0  9996
2 41478  51.6419 114.5410 0003301  88.9902 350.5617 15.56060228  3073
1 41478U 98067HY  16157.88287475  .00016997  00000-0  24552-3 0  9996
2 41478  51.6418 114.2636 0003316  88.9789 301.0428 15.56061740  3080
1 41478U 98067HY  16158.15118655  .00016903  00000-0  24412-3 0  9992
2 41478  51.6419 112.9217 0003281  90.8096   3.2469 15.56070429  3120
1 41478U 98067HY  16158.28899963  .00016922  00000-0  24434-3 0  9999
2 41478  51.6422 112.2331 0003296  90.1164  56.4624 15.56075352  3144
1 41478U 98067HY  16158.91223295  .00017262  00000-0  24888-3 0  9999
2 41478  51.6430 109.1202 0003055 104.9338 295.2806 15.56099660  3249
1 41478U 98067HY  16159.04720700  .00017818  00000-0  25657-3 0  9999
2 41478  51.6425 108.4438 0003180  93.6517 343.1984 15.56107974  3268
1 41478U 98067HY  16159.25290289  .00018188  00000-0  26164-3 0  9991
2 41478  51.6427 107.4149 0003406  89.6713  60.2631 15.56117955  3291
1 41478U 98067HY  16159.87481672  .00020881  00000-0  29888-3 0  9996
2 41478  51.6433 104.3080 0002952  95.2207 301.0711 15.56154227  3393
1 41478U 98067HY  16160.07712541  .00021030  00000-0  30085-3 0  9990
2 41478  51.6429 103.2954 0003081  94.6436 355.7736 15.56163822  3425
1 41478U 98067HY  16160.78319605  .00022463  00000-0  32036-3 0  9991
2 41478  51.6424  99.7640 0003359 100.2034 348.4547 15.56201975  3530
1 41478U 98067HY  16160.83718449  .00022347  00000-0  31873-3 0  9995
2 41478  51.6424  99.4936 0003374  99.8523 291.4642 15.56203695  3543
1 41478U 98067HY  16161.10692414  .00022206  00000-0  31664-3 0  9991
2 41478  51.6430  98.1449 0003307 101.8007   1.6916 15.56214986  3586
1 41478U 98067HY  16161.24370466  .00022108  00000-0  31522-3 0  9990
2 41478  51.6431  97.4608 0003226 100.9056  49.3878 15.56220442  3603
1 41478U 98067HY  16161.80243698  .00022327  00000-0  31796-3 0  9994
2 41478  51.6437  94.6689 0003083  96.0392 306.5902 15.56246182  3690
1 41478U 98067HY  16162.13493711  .00021277  00000-0  30328-3 0  9997
2 41478  51.6435  93.0102 0003368 103.6480   3.0182 15.56254394  3749
1 41478U 98067HY  16162.20715560  .00020666  00000-0  29480-3 0  9992
2 41478  51.6437  92.6505 0003173 111.7341  39.7883 15.56253567  3759
1 41478U 98067HY  16162.82885843  .00019542  00000-0  27896-3 0  9992
2 41478  51.6436  89.5398 0003301 105.9403 291.0054 15.56274383  3853
1 41478U 98067HY  16163.23533036  .00019197  00000-0  27402-3 0  9991
2 41478  51.6437  87.5053 0003417 104.3136  51.4420 15.56288531  3916
1 41478U 98067HY  16163.79107843  .00016540  00000-0  23707-3 0  9998
2 41478  51.6447  84.7238 0003513 105.0250 286.4023 15.56294115  4008
1 41478U 98067HY  16164.06071990  .00016152  00000-0  23164-3 0  9998
2 41478  51.6450  83.3749 0003445 107.8382 355.2931 15.56300623  4043
1 41478U 98067HY  16164.19762043  .00016187  00000-0  23207-3 0  9994
2 41478  51.6451  82.6904 0003442 107.8243  42.8285 15.56305404  4067
1 41478U 98067HY  16164.75322990  .00015693  00000-0  22508-3 0  9993
2 41478  51.6446  79.9130 0003484 112.3498 273.2942 15.56321581  4154
1 41478U 98067HY  16164.82020353  .00016113  00000-0  23087-3 0  9990
2 41478  51.6451  79.5773 0003339 115.2689 285.8803 15.56326715  4162
1 41478U 98067HY  16165.02276895  .00016360  00000-0  23423-3 0  9995
2 41478  51.6447  78.5632 0003330 111.0339 345.8074 15.56335039  4196
1 41478U 98067HY  16165.16233307  .00016618  00000-0  23775-3 0  9997
2 41478  51.6455  77.8666 0003463 110.4293  48.8922 15.56341574  4219
1 41478U 98067HY  16165.78274853  .00017655  00000-0  25187-3 0  9997
2 41478  51.6447  74.7638 0003161 111.7263 286.0301 15.56368225  4311
1 41478U 98067HY  16166.18893663  .00017823  00000-0  25405-3 0  9998
2 41478  51.6447  72.7316 0003183 113.3979  41.7268 15.56383862  4376
1 41478U 98067HY  16166.75940777  .00019619  00000-0  27858-3 0  9999
2 41478  51.6442  69.8782 0003468 118.4490 355.2043 15.56415292  4462
1 41478U 98067HY  16167.15212492  .00019496  00000-0  27672-3 0  9997
2 41478  51.6441  67.9131 0003410 119.8273  35.7250 15.56430074  4521
1 41478U 98067HY  16167.77373844  .00019443  00000-0  27575-3 0  9998
2 41478  51.6454  64.8063 0003058 120.3990 280.4806 15.56454486  4626
1 41478U 98067HY  16168.11429572  .00019632  00000-0  27821-3 0  9991
2 41478  51.6456  63.1028 0003150 121.2173  29.1664 15.56469200  4672
1 41478U 98067HY  16168.68233803  .00019486  00000-0  27597-3 0  9990
2 41478  51.6450  60.2606 0003197 122.3978 333.0271 15.56491294  4761
1 41478U 98067HY  16168.87149064  .00019450  00000-0  27540-3 0  9995
2 41478  51.6444  59.3148 0003240 124.3471 311.6752 15.56498549  4792
1 41478U 98067HY  16169.14253686  .00019466  00000-0  27552-3 0  9992
2 41478  51.6447  57.9591 0003263 126.1674  29.6484 15.56509418  4832
1 41478U 98067HY  16170.10474616  .00019454  00000-0  27496-3 0  9992
2 41478  51.6444  53.1436 0003231 126.6336  24.5031 15.56547362  4988
1 41478U 98067HY  16170.72712863  .00019292  00000-0  27249-3 0  9995
2 41478  51.6439  50.0314 0003321 128.9894 272.0468 15.56570771  5083
1 41478U 98067HY  16171.06767558  .00019122  00000-0  27003-3 0  9994
2 41478  51.6444  48.3281 0003218 131.1480  19.4655 15.56583117  5139
1 41478U 98067HY  16171.82481720  .00018655  00000-0  26336-3 0  9990
2 41478  51.6443  44.5402 0003275 134.9951 301.2575 15.56609776  5254
1 41478U 98067HY  16172.02896399  .00018590  00000-0  26240-3 0  9997
2 41478  51.6443  43.5186 0003213 135.7428   5.2672 15.56617134  5281
1 41478U 98067HY  16173.05827620  .00017998  00000-0  25396-3 0  9994
2 41478  51.6441  38.3668 0003283 140.9431  12.0397 15.56652645  5449
1 41478U 98067HY  16173.88335152  .00017156  00000-0  24219-3 0  9998
2 41478  51.6441  34.2388 0003202 142.9177 316.8311 15.56677348  5575
1 41478U 98067HY  16174.02073866  .00016937  00000-0  23917-3 0  9996
2 41478  51.6441  33.5521 0003039 141.1049   9.0686 15.56680600  5596
1 41478U 98067HY  16174.77794391  .00015112  00000-0  21403-3 0  9993
2 41478  51.6437  29.7656 0003632 153.2636 283.1540 15.56697914  5716
1 41478U 98067HY  16174.91189376  .00015049  00000-0  21314-3 0  9990
2 41478  51.6431  29.0947 0003624 154.5022 313.0844 15.56701691  5730
1 41478U 98067HY  16175.04954350  .00014906  00000-0  21117-3 0  9999
2 41478  51.6433  28.4065 0003470 155.1358   4.3667 15.56705164  5758
1 41478U 98067HY  16175.80741194  .00014325  00000-0  20307-3 0  9998
2 41478  51.6437  24.6122 0003277 156.3795 293.1646 15.56725270  5875
1 41478U 98067HY  16176.01096488  .00014317  00000-0  20291-3 0  9994
2 41478  51.6438  23.5933 0003229 157.1195 353.9380 15.56731231  5902
1 41478U 98067HY  16176.56696888  .00013795  00000-0  19567-3 0  9997
2 41478  51.6431  20.8115 0003119 157.7880 231.3221 15.56745117  5992
1 41478U 98067HY  16176.76949872  .00013877  00000-0  19674-3 0  9993
2 41478  51.6433  19.7974 0003119 157.5944 287.3087 15.56751428  6021
1 41478U 98067HY  16176.97377161  .00014279  00000-0  20218-3 0  9995
2 41478  51.6434  18.7766 0003391 158.3245 352.1630 15.56760036  6058
1 41478U 98067HY  16177.73092181  .00015766  00000-0  22224-3 0  9997
2 41478  51.6434  14.9870 0003042 160.9431 275.7413 15.56789189  6173
1 41478U 98067HY  16177.93505697  .00015948  00000-0  22466-3 0  9990
2 41478  51.6434  13.9644 0002974 159.1943 342.3196 15.56796781  6201
1 41478U 98067HY  16178.76091360  .00015904  00000-0  22384-3 0  9990
2 41478  51.6433   9.8295 0002991 162.3818 290.7349 15.56823561  6339
1 41478U 98067HY  16178.82606578  .00015853  00000-0  22314-3 0  9996
2 41478  51.6433   9.5033 0003017 162.6790 295.8292 15.56825393  6347
1 41478U 98067HY  16178.96432288  .00015836  00000-0  22287-3 0  9996
2 41478  51.6433   8.8112 0002974 163.1687 350.7265 15.56829783  6369
1 41478U 98067HY  16179.52027146  .00015865  00000-0  22311-3 0  9992
2 41478  51.6431   6.0278 0002932 165.0495 226.7969 15.56848006  6454
1 41478U 98067HY  16179.78797891  .00015671  00000-0  22041-3 0  9996
2 41478  51.6436   4.6872 0002935 166.1318 287.1171 15.56855483  6499
1 41478U 98067HY  16179.92572905  .00015632  00000-0  21984-3 0  9991
2 41478  51.6437   3.9980 0002847 166.8056 339.0004 15.56859639  6512
1 41478U 98067HY  16180.54879931  .00015147  00000-0  21312-3 0  9996
2 41478  51.6443   0.8818 0002473 166.0586 234.1897 15.56876806  6611
1 41478U 98067HY  16180.88778808  .00015077  00000-0  21208-3 0  9990
2 41478  51.6444 359.1847 0002538 169.4510 332.0141 15.56886896  6665
1 41478U 98067HY  16180.95540102  .00015077  00000-0  21207-3 0  9991
2 41478  51.6443 358.8462 0002534 169.7340 350.9397 15.56888988  6670
1 41478U 98067HY  16181.71311164  .00014166  00000-0  19955-3 0  9995
2 41478  51.6441 355.0531 0002821 171.0687 279.2626 15.56907923  6795
1 41478U 98067HY  16181.91669009  .00014062  00000-0  19809-3 0  9994
2 41478  51.6440 354.0337 0002810 171.8329 340.2868 15.56913270  6829
1 41478U 98067HY  16182.47261275  .00013867  00000-0  19534-3 0  9996
2 41478  51.6438 351.2495 0002512 171.9398 218.1434 15.56928222  6911
1 41478U 98067HY  16182.74075065  .00013522  00000-0  19062-3 0  9990
2 41478  51.6437 349.9071 0002690 175.3545 278.6181 15.56933540  6956
1 41478U 98067HY  16182.88007333  .00013444  00000-0  18954-3 0  9990
2 41478  51.6440 349.2099 0002507 177.0126 338.3730 15.56936865  6973
1 41478U 98067HY  16183.50140245  .00012535  00000-0  17711-3 0  9990
2 41478  51.6439 346.1040 0002186 172.4240 227.8037 15.56949539  7078
1 41478U 98067HY  16183.84034468  .00012439  00000-0  17576-3 0  9998
2 41478  51.6440 344.4067 0002320 175.7936 325.4773 15.56957690  7123
1 41478U 98067HY  16184.46336830  .00012175  00000-0  17208-3 0  9994
2 41478  51.6439 341.2867 0002265 177.1811 218.5024 15.56972556  7220
1 41478U 98067HY  16184.86933208  .00012039  00000-0  17018-3 0  9998
2 41478  51.6440 339.2540 0002294 178.7201 333.9490 15.56982123  7285
1 41478U 98067HY  16185.56352851  .00011937  00000-0  16869-3 0  9994
2 41478  51.6436 335.7771 0002279 181.4792 264.8611 15.56998901  7396
1 41478U 98067HY  16185.83164042  .00012197  00000-0  17216-3 0  9993
2 41478  51.6441 334.4350 0002218 182.5869 327.5852 15.57007469  7431
1 41478U 98067HY  16185.89323516  .00012228  00000-0  17258-3 0  9993
2 41478  51.6443 334.1272 0002213 182.6562 312.9989 15.57009275  7446
1 41478U 98067HY  16186.72230694  .00012516  00000-0  17632-3 0  9996
2 41478  51.6446 329.9757 0002196 186.5476 279.3730 15.57031796  7573
1 41478U 98067HY  16186.85394255  .00012571  00000-0  17704-3 0  9995
2 41478  51.6446 329.3163 0002146 186.5019 297.7700 15.57035543  7593
1 41478U 98067HY  16187.68395266  .00012613  00000-0  17746-3 0  9993
2 41478  51.6442 325.1594 0001998 188.0746 271.7985 15.57057196  7729
1 41478U 98067HY  16188.58060624  .00012471  00000-0  17540-3 0  9994
2 41478  51.6442 320.6685 0001908 191.9271 257.4276 15.57079804  7866
1 41478U 98067HY  16188.71791351  .00012407  00000-0  17452-3 0  9998
2 41478  51.6445 319.9810 0001946 194.0055 305.5339 15.57082933  7880
1 41478U 98067HY  16189.34187448  .00012360  00000-0  17378-3 0  9999
2 41478  51.6451 316.8578 0001721 201.6829 197.8068 15.57098825  7988
1 41478U 98067HY  16189.61225881  .00012084  00000-0  17003-3 0  9991
2 41478  51.6445 315.5043 0001878 201.0573 275.0882 15.57103838  8027
1 41478U 98067HY  16190.49871530  .00012591  00000-0  17670-3 0  9990
2 41478  51.6445 311.0670 0002201 205.4879 203.1107 15.57129305  8166
1 41478U 98067HY  16190.63623438  .00013088  00000-0  18335-3 0  9999
2 41478  51.6450 310.3769 0001451 213.7607 246.2448 15.57136023  8183
1 41478U 98067HY  16191.46058885  .00013698  00000-0  19139-3 0  9999
2 41478  51.6448 306.2477 0001303 219.3062 184.8902 15.57161697  8315
1 41478U 98067HY  16191.79788752  .00015774  00000-0  21913-3 0  9998
2 41478  51.6454 304.5603 0002647 190.3837 305.9928 15.57185949  8369
1 41478U 98067HY  16192.43049042  .00019125  00000-0  26376-3 0  9994
2 41478  51.6437 301.3927 0001694 205.8179 239.3017 15.57225540  8468
1 41478U 98067HY  16192.69998310  .00019517  00000-0  26888-3 0  9996
2 41478  51.6450 300.0444 0001284 214.4521 302.4663 15.57238925  8500
1 41478U 98067HY  16193.45079448  .00021521  00000-0  29530-3 0  9998
2 41478  51.6466 296.2869 0001305 224.4455 184.4295 15.57278469  8624
1 41478U 98067HY  16193.72650808  .00021476  00000-0  29456-3 0  9999
2 41478  51.6467 294.9056 0001308 226.8363 288.7765 15.57290235  8664
1 41478U 98067HY  16194.42056913  .00021355  00000-0  29263-3 0  9996
2 41478  51.6467 291.4292 0001387 226.2626 223.0424 15.57319345  8771
1 41478U 98067HY  16194.68814122  .00021199  00000-0  29044-3 0  9991
2 41478  51.6466 290.0897 0001375 232.8218 277.5809 15.57329875  8818
1 41478U 98067HY  16195.24654601  .00020417  00000-0  27978-3 0  9994
2 41478  51.6460 287.2935 0001222 241.3247 161.8030 15.57350309  8908
1 41478U 98067HY  16195.50746920  .00020851  00000-0  28542-3 0  9999
2 41478  51.6466 285.9869 0001291 243.6884 183.2866 15.57364076  8948
1 41478U 98067HY  16195.77806865  .00021010  00000-0  28741-3 0  9992
2 41478  51.6455 284.6294 0000912 256.4791 248.6344 15.57376703  8983
1 41478U 98067HY  16196.39389050  .00021151  00000-0  28900-3 0  9996
2 41478  51.6411 281.5481 0001432 267.9307  92.1521 15.57403747  9087
1 41478U 98067HY  16196.65055676  .00024711  00000-0  33621-3 0  9990
2 41478  51.6411 280.2627 0001439 271.1639  88.9188 15.57416513  9129
1 41478U 98067HY  16197.22804803  .00020896  00000-0  28521-3 0  9991
2 41478  51.6413 277.3693 0001441 272.5619  87.5208 15.57441279  9212
1 41478U 98067HY  16197.48470808  .00022046  00000-0  30037-3 0  9997
2 41478  51.6412 276.0839 0001432 276.4055  83.6774 15.57452843  9254
1 41478U 98067HY  16197.67720168  .00025132  00000-0  34120-3 0  9991
2 41478  51.6412 275.1197 0001449 278.7368  81.3460 15.57464010  9280
1 41478U 98067HY  16198.19051192  .00029423  00000-0  39770-3 0  9996
2 41478  51.6411 272.5476 0001424 279.7386  80.3446 15.57492046  9366
1 41478U 98067HY  16198.51132634  .00026712  00000-0  36160-3 0  9991
2 41478  51.6411 270.9410 0001445 283.4999  76.5832 15.57506146  9410
1 41478U 98067HY  16198.63965226  .00028548  00000-0  38583-3 0  9995
2 41478  51.6410 270.2982 0001453 284.9746  75.1085 15.57511722  9434
1 41478U 98067HY  16199.60208223  .00017467  00000-0  23875-3 0  9996
2 41478  51.6409 265.4764 0001474 290.3497  69.7337 15.57537065  9586
1 41478U 98067HY  16200.17952879  .00018467  00000-0  25179-3 0  9994
2 41478  51.6408 262.5824 0001476 292.3977  67.6859 15.57560341  9676
1 41478U 98067HY  16200.43616926  .00017376  00000-0  23726-3 0  9997
2 41478  51.6407 261.2966 0001482 293.7733  66.3104 15.57568774  9712
1 41478U 98067HY  16200.62864838  .00017463  00000-0  23835-3 0  9993
2 41478  51.6406 260.3321 0001494 294.8964  65.1872 15.57576563  9744
1 41478U 98067HY  16201.20608170  .00013893  00000-0  19095-3 0  9999
2 41478  51.6403 257.4388 0001501 298.1181  61.9660 15.57593069  9837
1 41478U 98067HY  16201.39855795  .00013316  00000-0  18326-3 0  9992
2 41478  51.6403 256.4744 0001503 299.5765  60.5077 15.57598792  9865
1 41478U 98067HY  16201.59103397  .00013408  00000-0  18445-3 0  9992
2 41478  51.6402 255.5099 0001508 300.6797  59.4046 15.57604284  9891
1 41478U 98067HY  16202.16845747  .00012858  00000-0  17706-3 0  9995
2 41478  51.6399 252.6164 0001515 303.9624  56.1223 15.57619849  9984
1 41478U 98067HY  16202.36092969  .00018768  00000-0  25508-3 0  9992
2 41478  51.6399 251.6519 0001514 305.0941  54.9909 15.57633248 10013
1 41478U 98067HY  16202.61755831  .00020954  00000-0  28383-3 0  9998
2 41478  51.6397 250.3659 0001522 306.2124  53.8727 15.57644611 10053
1 41478U 98067HY  16203.19496543  .00017646  00000-0  23998-3 0  9995
2 41478  51.6395 247.4722 0001534 309.1625  50.9230 15.57664914 10145
1 41478U 98067HY  16203.32327701  .00016869  00000-0  22969-3 0  9992
2 41478  51.6395 246.8292 0001535 309.7214  50.3642 15.57669428 10169
1 41478U 98067HY  16204.15729295  .00015457  00000-0  21082-3 0  9995
2 41478  51.6392 242.6492 0001545 313.7997  46.2867 15.57699882 10290
1 41478U 98067HY  16204.34975627  .00012597  00000-0  17308-3 0  9996
2 41478  51.6393 241.6846 0001547 314.9305  45.1561 15.57702795 10322
1 41478U 98067HY  16205.11960369  .00014293  00000-0  19528-3 0  9990
2 41478  51.6391 237.8261 0001567 318.9355  41.1519 15.57726362 10447
1 41478U 98067HY  16205.31206352  .00013678  00000-0  18713-3 0  9998
2 41478  51.6392 236.8615 0001569 319.5521  40.5354 15.57731528 10477
1 41478U 98067HY  16206.08189554  .00014674  00000-0  20007-3 0  9993
2 41478  51.6392 233.0028 0001594 323.8862  36.2022 15.57756966 10598
1 41478U 98067HY  16206.46680704  .00013336  00000-0  18239-3 0  9996
2 41478  51.6392 231.0732 0001548 324.2689  35.8199 15.57767492 10652
1 41478U 98067HY  16207.10832060  .00012568  00000-0  17216-3 0  9992
2 41478  51.6392 227.8575 0001595 327.7062  32.3833 15.57785454 10751
1 41478U 98067HY  16207.42907489  .00020033  00000-0  27008-3 0  9991
2 41478  51.6394 226.2499 0001589 328.9624  31.1274 15.57802040 10804
1 41478U 98067HY  16207.87812577  .00024165  00000-0  32402-3 0  9997
2 41478  51.6394 223.9989 0001588 330.8924  29.1979 15.57821808 10875
1 41478U 98067HY  16208.07057455  .00023986  00000-0  32159-3 0  9995
2 41478  51.6394 223.0343 0001603 331.6957  28.3948 15.57829151 10903
1 41478U 98067HY  16208.45547267  .00012611  00000-0  17247-3 0  9996
2 41478  51.6395 221.1049 0001604 332.8515  27.2393 15.57826378 10966
1 41478U 98067HY  16209.03281312  .00013945  00000-0  18985-3 0  9998
2 41478  51.6395 218.2109 0001617 335.6087  24.4829 15.57844678 11056
1 41478U 98067HY  16209.41770349  .00014690  00000-0  19954-3 0  9998
2 41478  51.6395 216.2816 0001618 337.0570  23.0349 15.57856075 11116
1 41478U 98067HY  16210.18747910  .00011709  00000-0  16036-3 0  9998
2 41478  51.6394 212.4228 0001633 340.6248  19.4682 15.57870047 11236
1 41478U 98067HY  16210.37992161  .00011572  00000-0  15854-3 0  9994
2 41478  51.6393 211.4582 0001637 341.3096  18.7836 15.57873949 11260
1 41478U 98067HY  16211.40627226  .00014978  00000-0  20297-3 0  9996
2 41478  51.6390 206.3128 0001621 345.4206  14.6739 15.57901581 11426
1 41478U 98067HY  16211.85529319  .00016533  00000-0  22318-3 0  9994
2 41478  51.6389 204.0617 0001623 347.2632  12.8319 15.57917936 11499
1 41478U 98067HY  16212.17601987  .00015841  00000-0  21405-3 0  9999
2 41478  51.6389 202.4538 0001638 348.5020  11.5935 15.57928403 11541
1 41478U 98067HY  16212.81746754  .00012138  00000-0  16553-3 0  9996
2 41478  51.6387 199.2378 0001644 350.8687   9.2275 15.57944352 11649
1 41478U 98067HY  16212.88161199  .00012038  00000-0  16421-3 0  9990
2 41478  51.6387 198.9162 0001647 351.2399   8.8564 15.57946004 11657
1 41478U 98067HY  16213.20233302  .00010299  00000-0  14144-3 0  9990
2 41478  51.6388 197.3083 0001656 352.2330   7.8636 15.57952752 11701
1 41478U 98067HY  16213.33062100  .00010527  00000-0  14440-3 0  9993
2 41478  51.6388 196.6650 0001652 352.5806   7.5162 15.57956147 11725
1 41478U 98067HY  16213.84377152  .00010175  00000-0  13974-3 0  9995
2 41478  51.6387 194.0922 0001645 354.9450   5.1525 15.57966451 11806
1 41478U 98067HY  16213.90791511  .00010180  00000-0  13981-3 0  9995
2 41478  51.6387 193.7706 0001646 354.9164   5.1811 15.57967752 11819
1 41478U 98067HY  16214.16448875  .00010421  00000-0  14292-3 0  9990
2 41478  51.6388 192.4840 0001646 355.9069   4.1909 15.57973390 11856
1 41478U 98067HY  16214.42106161  .00009786  00000-0  13461-3 0  9997
2 41478  51.6388 191.1975 0001644 356.6892   3.4089 15.57977823 11891
1 41478U 98067HY  16214.80591940  .00010768  00000-0  14739-3 0  9993
2 41478  51.6388 189.2678 0001649 358.2432   1.8554 15.57986231 11951
1 41478U 98067HY  16214.93420492  .00010636  00000-0  14565-3 0  9991
2 41478  51.6388 188.6246 0001660 358.4919   1.6068 15.57988760 11979
1 41478U 98067HY  16215.19077510  .00009780  00000-0  13445-3 0  9993
2 41478  51.6390 187.3382 0001681 359.4915   0.6075 15.57993351 12014
1 41478U 98067HY  16215.38320238  .00010686  00000-0  14625-3 0  9990
2 41478  51.6390 186.3734 0001674   0.5168 359.5826 15.57998427 12042
1 41478U 98067HY  16216.15290530  .00014680  00000-0  19820-3 0  9997
2 41478  51.6393 182.5139 0001679   3.0957 357.0045 15.58019548 12169
1 41478U 98067HY  16216.34532884  .00017500  00000-0  23485-3 0  9995
2 41478  51.6393 181.5491 0001670   3.5185 356.5819 15.58028363 12199
1 41478U 98067HY  16216.92259280  .00023821  00000-0  31672-3 0  9995
2 41478  51.6395 178.6545 0001676   5.6237 354.4774 15.58057566 12289
1 41478U 98067HY  16217.11501180  .00024164  00000-0  32106-3 0  9990
2 41478  51.6396 177.6897 0001680   6.4073 353.6940 15.58066745 12310
1 41478U 98067HY  16217.30742972  .00022533  00000-0  29982-3 0  9993
2 41478  51.6396 176.7247 0001659   7.0570 353.0445 15.58073942 12348
1 41478U 98067HY  16217.88467671  .00020674  00000-0  27542-3 0  9990
2 41478  51.6397 173.8301 0001651   8.7321 351.3699 15.58099452 12438
1 41478U 98067HY  16218.14122823  .00019737  00000-0  26317-3 0  9994
2 41478  51.6399 172.5436 0001657   9.6352 350.4672 15.58109576 12479
1 41478U 98067HY  16218.33364084  .00017685  00000-0  23650-3 0  9999
2 41478  51.6398 171.5787 0001647  10.1997 349.9029 15.58115228 12501
1 41478U 98067HY  16219.10328213  .00017749  00000-0  23706-3 0  9992
2 41478  51.6401 167.7201 0001709  13.6838 346.4200 15.58145378 12620
1 41478U 98067HY  16219.42396155  .00017307  00000-0  23122-3 0  9999
2 41478  51.6400 166.1117 0001685  14.6127 345.4914 15.58158008 12673
1 41478U 98067HY  16219.87290888  .00017655  00000-0  23559-3 0  9994
2 41478  51.6400 163.8599 0001602  17.2829 342.8217 15.58174546 12748
1 41478U 98067HY  16220.06531350  .00017548  00000-0  23414-3 0  9990
2 41478  51.6401 162.8946 0001653  17.7470 342.3580 15.58181209 12772
1 41478U 98067HY  16220.83492254  .00017673  00000-0  23550-3 0  9994
2 41478  51.6400 159.0346 0001632  20.3247 339.7810 15.58210167 12897
1 41478U 98067HY  16221.09145530  .00019119  00000-0  25408-3 0  9996
2 41478  51.6400 157.7479 0001614  21.4221 338.6838 15.58222180 12934
1 41478U 98067HY  16221.21972115  .00019596  00000-0  26019-3 0  9995
2 41478  51.6400 157.1046 0001620  21.6626 338.4434 15.58227819 12952
1 41478U 98067HY  16221.79691245  .00017819  00000-0  23706-3 0  9996
2 41478  51.6398 154.2096 0001615  23.4383 336.6683 15.58248395 13044
1 41478U 98067HY  16221.86104367  .00020802  00000-0  27547-3 0  9991
2 41478  51.6398 153.8882 0001620  23.7050 336.4017 15.58255456 13058
1 41478U 98067HY  16222.18170076  .00018528  00000-0  24604-3 0  9990
2 41478  51.6397 152.2798 0001631  24.7186 335.3884 15.58266129 13104
1 41478U 98067HY  16222.37409384  .00018107  00000-0  24054-3 0  9990
2 41478  51.6397 151.3147 0001630  25.2950 334.8122 15.58273592 13130
1 41478U 98067HY  16222.82300683  .00020143  00000-0  26659-3 0  9998
2 41478  51.6396 149.0628 0001604  26.9339 333.1737 15.58294351 13205
1 41478U 98067HY  16222.88713644  .00022542  00000-0  29740-3 0  9998
2 41478  51.6396 148.7412 0001608  26.7263 333.3812 15.58300395 13213
1 41478U 98067HY  16223.20778436  .00023476  00000-0  30926-3 0  9990
2 41478  51.6395 147.1335 0001612  26.8307 333.2768 15.58314357 13261
1 41478U 98067HY  16223.78494219  .00024159  00000-0  31769-3 0  9992
2 41478  51.6395 144.2377 0001543  29.5551 330.5528 15.58343232 13357
1 41478U 98067HY  16224.16970775  .00024966  00000-0  32781-3 0  9992
2 41478  51.6395 142.3079 0001582  29.8760 330.2323 15.58363744 13410
1 41478U 98067HY  16224.23383481  .00023921  00000-0  31436-3 0  9998
2 41478  51.6394 141.9862 0001583  29.5279 330.5802 15.58366522 13420
1 41478U 98067HY  16224.74684833  .00020531  00000-0  27064-3 0  9995
2 41478  51.6395 139.4119 0001525  32.6824 327.4263 15.58387152 13502
1 41478U 98067HY  16224.93922609  .00024950  00000-0  32716-3 0  9991
2 41478  51.6395 138.4472 0001551  32.6704 327.4384 15.58399138 13533
1 41478U 98067HY  16225.13160283  .00025615  00000-0  33557-3 0  9999
2 41478  51.6395 137.4823 0001556  32.4547 327.6541 15.58408388 13568
1 41478U 98067HY  16225.32397855  .00026295  00000-0  34415-3 0  9996
2 41478  51.6394 136.5169 0001539  32.8266 327.2821 15.58418231 13591
1 41478U 98067HY  16225.77285130  .00024768  00000-0  32437-3 0  9992
2 41478  51.6396 134.2646 0001491  35.1394 324.9697 15.58437023 13666
1 41478U 98067HY  16225.90109955  .00023651  00000-0  31003-3 0  9995
2 41478  51.6397 133.6213 0001509  34.7840 325.3251 15.58441608 13688
1 41478U 98067HY  16226.15759460  .00024289  00000-0  31805-3 0  9993
2 41478  51.6397 132.3346 0001517  34.6323 325.4768 15.58453647 13720
1 41478U 98067HY  16226.86294680  .00021580  00000-0  28309-3 0  9995
2 41478  51.6400 128.7954 0001470  36.8596 323.2497 15.58482479 13835
1 41478U 98067HY  16226.92706909  .00021937  00000-0  28762-3 0  9993
2 41478  51.6400 128.4738 0001482  36.7304 323.3790 15.58485139 13845
1 41478U 98067HY  16226.99119120  .00022635  00000-0  29651-3 0  9997
2 41478  51.6400 128.1521 0001497  36.8601 323.2494 15.58488514 13850
1 41478U 98067HY  16227.88889017  .00018299  00000-0  24078-3 0  9994
2 41478  51.6401 123.6478 0001485  39.6445 320.4656 15.58521664 13994
1 41478U 98067HY  16227.95301087  .00018492  00000-0  24323-3 0  9996
2 41478  51.6401 123.3262 0001491  39.5561 320.5540 15.58523825 14004
1 41478U 98067HY  16228.14537190  .00018149  00000-0  23878-3 0  9997
2 41478  51.6401 122.3611 0001480  39.9764 320.1337 15.58531476 14032
1 41478U 98067HY  16228.85068964  .00019020  00000-0  24965-3 0  9990
2 41478  51.6402 118.8210 0001465  42.2790 317.8315 15.58558031 14144
1 41478U 98067HY  16228.91480889  .00019201  00000-0  25193-3 0  9996
2 41478  51.6402 118.4993 0001457  42.5216 317.5889 15.58560365 14152
1 41478U 98067HY  16229.10716585  .00020291  00000-0  26575-3 0  9999
2 41478  51.6402 117.5339 0001425  43.7598 316.3508 15.58568477 14187
1 41478U 98067HY  16229.87658448  .00019615  00000-0  25686-3 0  9996
2 41478  51.6402 113.6728 0001415  44.9025 315.2082 15.58597152 14304
1 41478U 98067HY  16229.94070206  .00019824  00000-0  25950-3 0  9990
2 41478  51.6402 113.3511 0001408  45.1071 315.0036 15.58599722 14310
1 41478U 98067HY  16230.13305374  .00021535  00000-0  28117-3 0  9990
2 41478  51.6401 112.3857 0001399  45.6551 314.4556 15.58609791 14349
1 41478U 98067HY  16230.83833582  .00019038  00000-0  24915-3 0  9991
2 41478  51.6400 108.8462 0001393  46.7182 313.3926 15.58635616 14452
1 41478U 98067HY  16230.90245189  .00017863  00000-0  23420-3 0  9993
2 41478  51.6400 108.5244 0001407  46.5877 313.5232 15.58636626 14467
1 41478U 98067HY  16231.15891464  .00018247  00000-0  23899-3 0  9991
2 41478  51.6399 107.2372 0001397  47.7004 312.4107 15.58647271 14507
1 41478U 98067HY  16231.80006399  .00019435  00000-0  25383-3 0  9998
2 41478  51.6397 104.0193 0001408  48.6484 311.4630 15.58674091 14607
1 41478U 98067HY  16231.86417835  .00018403  00000-0  24072-3 0  9993
2 41478  51.6397 103.6975 0001406  48.7896 311.3218 15.58675428 14613
1 41478U 98067HY  16232.12063469  .00018877  00000-0  24664-3 0  9995
2 41478  51.6396 102.4102 0001400  48.9122 311.1991 15.58686325 14657
1 41478U 98067HY  16232.88999412  .00016864  00000-0  22085-3 0  9993
2 41478  51.6393  98.5486 0001373  50.2577 309.8536 15.58714033 14773
1 41478U 98067HY  16233.08233178  .00017091  00000-0  22366-3 0  9991
2 41478  51.6392  97.5830 0001365  50.5517 309.5596 15.58721608 14805
1 41478U 98067HY  16233.85167395  .00018031  00000-0  23533-3 0  9995
2 41478  51.6391  93.7211 0001368  51.1951 308.9164 15.58750597 14923
1 41478U 98067HY  16234.17222932  .00018200  00000-0  23737-3 0  9994
2 41478  51.6391  92.1117 0001368  52.5621 307.5496 15.58762134 14978
1 41478U 98067HY  16234.81333391  .00015623  00000-0  20459-3 0  9991
2 41478  51.6390  88.8933 0001357  53.6895 306.4223 15.58780252 15077
1 41478U 98067HY  16235.06977283  .00018248  00000-0  23771-3 0  9999
2 41478  51.6390  87.6058 0001348  53.8260 306.2857 15.58792324 15119
1 41478U 98067HY  16235.77497382  .00014798  00000-0  19392-3 0  9994
2 41478  51.6392  84.0655 0001354  54.6622 305.4497 15.58811810 15228
1 41478U 98067HY  16235.96729941  .00015342  00000-0  20075-3 0  9990
2 41478  51.6392  83.0999 0001347  54.7495 305.3624 15.58818897 15255
1 41478U 98067HY  16236.73659365  .00014880  00000-0  19472-3 0  9993
2 41478  51.6394  79.2377 0001334  55.9505 304.1614 15.58844519 15374
1 41478U 98067HY  16236.92891473  .00018337  00000-0  23826-3 0  9991
2 41478  51.6395  78.2722 0001325  56.0406 304.0713 15.58855397 15409
1 41478U 98067HY  16237.12123484  .00019252  00000-0  24972-3 0  9994
2 41478  51.6395  77.3065 0001316  56.4094 303.7024 15.58864068 15435
1 41478U 98067HY  16237.56997759  .00020063  00000-0  25975-3 0  9992
2 41478  51.6396  75.0536 0001316  55.7905 304.3212 15.58883866 15508
1 41478U 98067HY  16237.76229386  .00020434  00000-0  26433-3 0  9990
2 41478  51.6397  74.0881 0001311  55.5615 304.5501 15.58893324 15538
1 41478U 98067HY  16237.95460864  .00020567  00000-0  26591-3 0  9991
2 41478  51.6397  73.1225 0001309  55.7018 304.4098 15.58903227 15563
1 41478U 98067HY  16238.78796165  .00016706  00000-0  21700-3 0  9996
2 41478  51.6399  68.9392 0001324  54.9214 305.1903 15.58939259 15699
1 41478U 98067HY  16238.91616807  .00017872  00000-0  23161-3 0  9993
2 41478  51.6399  68.2956 0001328  54.1796 305.9320 15.58945848 15714
1 41478U 98067HY  16239.55719469  .00016151  00000-0  20978-3 0  9994
2 41478  51.6399  65.0764 0001297  56.9511 303.1607 15.58970048 15815
1 41478U 98067HY  16239.74950073  .00016953  00000-0  21980-3 0  9997
2 41478  51.6398  64.1111 0001305  55.9648 304.1469 15.58977253 15845
1 41478U 98067HY  16239.94180564  .00018984  00000-0  24521-3 0  9999
2 41478  51.6398  63.1456 0001301  54.6796 305.4318 15.58986764 15879
1 41478U 98067HY  16240.51871531  .00018067  00000-0  23352-3 0  9998
2 41478  51.6398  60.2478 0001288  56.6982 303.4134 15.59008273 15969
1 41478U 98067HY  16240.71101668  .00017838  00000-0  23058-3 0  9995
2 41478  51.6397  59.2821 0001287  57.3922 302.7195 15.59015489 15998
1 41478U 98067HY  16240.96741698  .00018671  00000-0  24093-3 0  9991
2 41478  51.6397  57.9944 0001284  56.6579 303.4536 15.59026540 16039
1 41478U 98067HY  16241.48021332  .00017551  00000-0  22673-3 0  9993
2 41478  51.6396  55.4193 0001297  56.6437 303.4680 15.59044442 16114
1 41478U 98067HY  16241.86480641  .00019071  00000-0  24563-3 0  9996
2 41478  51.6396  53.4878 0001283  56.6100 303.5016 15.59060363 16174
1 41478U 98067HY  16241.99300347  .00018602  00000-0  23972-3 0  9996
2 41478  51.6396  52.8438 0001282  57.2102 302.9014 15.59064546 16197
1 41478U 98067HY  16242.50578769  .00019427  00000-0  24986-3 0  9991
2 41478  51.6395  50.2685 0001297  56.8627 303.2490 15.59083678 16273
1 41478U 98067HY  16242.82627495  .00021146  00000-0  27122-3 0  9993
2 41478  51.6396  48.6589 0001296  57.0620 303.0497 15.59096375 16322
1 41478U 98067HY  16242.89037178  .00026491  00000-0  33782-3 0  9990
2 41478  51.6396  48.3369 0001296  56.6287 303.4830 15.59105138 16333
1 41478U 98067HY  16243.33904784  .00023405  00000-0  29916-3 0  9992
2 41478  51.6396  46.0834 0001314  56.5947 303.5171 15.59119571 16401
1 41478U 98067HY  16243.53133601  .00022162  00000-0  28358-3 0  9994
2 41478  51.6396  45.1176 0001314  56.2736 303.8382 15.59126320 16433
1 41478U 98067HY  16243.85181269  .00028087  00000-0  35714-3 0  9998
2 41478  51.6397  43.5078 0001308  56.3205 303.7913 15.59148232 16482
1 41478U 98067HY  16244.04409731  .00029121  00000-0  36987-3 0  9990
2 41478  51.6397  42.5424 0001327  54.2302 305.8814 15.59157672 16517
1 41478U 98067HY  16244.49275545  .00023616  00000-0  30112-3 0  9990
2 41478  51.6398  40.2887 0001330  55.6603 304.4515 15.59179352 16588
1 41478U 98067HY  16244.81322177  .00024925  00000-0  31720-3 0  9990
2 41478  51.6399  38.6793 0001362  53.7246 306.3872 15.59196281 16636
1 41478U 98067HY  16244.87731432  .00026093  00000-0  33165-3 0  9997
2 41478  51.6399  38.3574 0001354  53.3706 306.7411 15.59201142 16645
1 41478U 98067HY  16245.45415105  .00042009  00000-0  52370-3 0  9992
2 41478  51.6394  35.4602 0001149  62.1673 297.9955 15.59234116 16734
1 41478U 98067HY  16245.77459533  .00034942  00000-0  44048-3 0  9990
2 41478  51.6401  33.8500 0001363  53.7463 306.3655 15.59261200 16784
1 41478U 98067HY  16245.83868574  .00034765  00000-0  43823-3 0  9999
2 41478  51.6402  33.5281 0001367  52.7186 307.3932 15.59264961 16790
1 41478U 98067HY  16246.47957643  .00036454  00000-0  45828-3 0  9990
2 41478  51.6403  30.3076 0001347  53.6113 306.5004 15.59313599 16890
1 41478U 98067HY  16247.50495963  .00036668  00000-0  45955-3 0  9995
2 41478  51.6406  25.1560 0001434  52.1744 307.9379 15.59392094 17050
1 41478U 98067HY  16247.76129768  .00038149  00000-0  47741-3 0  9991
2 41478  51.6406  23.8682 0001478  51.6367 308.4758 15.59411916 17099
1 41478U 98067HY  16248.01763215  .00035959  00000-0  45017-3 0  9991
2 41478  51.6406  22.5803 0001492  51.3155 308.7971 15.59430703 17138
1 41478U 98067HY  16248.53029209  .00032655  00000-0  40901-3 0  9993
2 41478  51.6405  20.0042 0001475  52.9589 307.1538 15.59465588 17214
1 41478U 98067HY  16248.72253670  .00033870  00000-0  42370-3 0  9997
2 41478  51.6405  19.0383 0001485  52.7077 307.4051 15.59479697 17243
1 41478U 98067HY  16249.55557649  .00028877  00000-0  36165-3 0  9998
2 41478  51.6407  14.8520 0001490  53.2277 306.8853 15.59534526 17375
1 41478U 98067HY  16249.81189081  .00032285  00000-0  40312-3 0  9995
2 41478  51.6408  13.5641 0001520  51.4583 308.6546 15.59553890 17419
1 41478U 98067HY  16250.70897146  .00026710  00000-0  33421-3 0  9992
2 41478  51.6406   9.0557 0001571  53.0487 307.0649 15.59602985 17552
1 41478U 98067HY  16251.47787562  .00029092  00000-0  36275-3 0  9993
2 41478  51.6406   5.1918 0001604  53.0041 307.1098 15.59645707 17674
1 41478U 98067HY  16251.73417269  .00026403  00000-0  32978-3 0  9995
2 41478  51.6405   3.9038 0001617  52.4434 307.6706 15.59656785 17719
1 41478U 98067HY  16252.69526316  .00030897  00000-0  38374-3 0  9993
2 41478  51.6404 359.0727 0001674  52.9147 307.1998 15.59717113 17864
1 41478U 98067HY  16253.20782903  .00027658  00000-0  34390-3 0  9992
2 41478  51.6404 356.4955 0001677  55.1045 305.0106 15.59748886 17941
1 41478U 98067HY  16253.46410870  .00027161  00000-0  33767-3 0  9997
2 41478  51.6403 355.2073 0001711  55.0553 305.0600 15.59763229 17981
1 41478U 98067HY  16253.65631692  .00026814  00000-0  33331-3 0  9996
2 41478  51.6403 354.2413 0001736  54.4127 305.7028 15.59773606 18011
1 41478U 98067HY  16254.48920503  .00027367  00000-0  33949-3 0  9999
2 41478  51.6403 350.0537 0001765  56.1632 303.9529 15.59816436 18143
1 41478U 98067HY  16254.68140688  .00027528  00000-0  34131-3 0  9992
2 41478  51.6403 349.0874 0001782  55.8359 304.2803 15.59826208 18176
1 41478U 98067HY  16255.12987303  .00024711  00000-0  30689-3 0  9990
2 41478  51.6404 346.8322 0001774  56.4333 303.6829 15.59847274 18245
1 41478U 98067HY  16255.32207087  .00024256  00000-0  30126-3 0  9996
2 41478  51.6404 345.8660 0001797  57.0290 303.0875 15.59857138 18271
1 41478U 98067HY  16255.83459297  .00024881  00000-0  30853-3 0  9995
2 41478  51.6404 343.2892 0001848  56.6741 303.4429 15.59882630 18356
1 41478U 98067HY  16256.21897855  .00024335  00000-0  30170-3 0  9990
2 41478  51.6404 341.3562 0001857  58.7357 301.3818 15.59902055 18415
1 41478U 98067HY  16256.47523288  .00026390  00000-0  32639-3 0  9999
2 41478  51.6404 340.0681 0001877  58.5723 301.5453 15.59916182 18457
1 41478U 98067HY  16256.60335922  .00027544  00000-0  34024-3 0  9992
2 41478  51.6404 339.4240 0001886  58.2674 301.8503 15.59923882 18478
1 41478U 98067HY  16257.43616712  .00024935  00000-0  30822-3 0  9996
2 41478  51.6405 335.2361 0001911  60.1185 299.9998 15.59965007 18600
1 41478U 98067HY  16257.62835004  .00026481  00000-0  32673-3 0  9998
2 41478  51.6404 334.2699 0001920  60.1456 299.9728 15.59976998 18638
1 41478U 98067HY  16258.20489107  .00023301  00000-0  28803-3 0  9990
2 41478  51.6404 331.3701 0001924  63.2061 296.9128 15.60007721 18722
1 41478U 98067HY  16258.46112781  .00022612  00000-0  27958-3 0  9993
2 41478  51.6404 330.0823 0001956  62.2911 297.8280 15.60020723 18761
1 41478U 98067HY  16258.58924525  .00024418  00000-0  30124-3 0  9998
2 41478  51.6403 329.4379 0001965  61.4294 298.6896 15.60029521 18782
1 41478U 98067HY  16259.42199428  .00027296  00000-0  33527-3 0  9995
2 41478  51.6400 325.2497 0002008  63.4924 296.6275 15.60078473 18919
1 41478U 98067HY  16259.61416275  .00029199  00000-0  35792-3 0  9998
2 41478  51.6399 324.2833 0002010  62.8002 297.3196 15.60093022 18942
1 41478U 98067HY  16260.44687718  .00023321  00000-0  28682-3 0  9994
2 41478  51.6396 320.0948 0002039  65.1529 294.9676 15.60139754 19075
1 41478U 98067HY  16260.57498502  .00024531  00000-0  30125-3 0  9998
2 41478  51.6395 319.4504 0002044  64.7053 295.4152 15.60147622 19097
1 41478U 98067HY  16261.08741181  .00023847  00000-0  29278-3 0  9995
2 41478  51.6394 316.8721 0002052  67.7354 292.3857 15.60171762 19173
1 41478U 98067HY  16261.53577911  .00021449  00000-0  26386-3 0  9996
2 41478  51.6392 314.6171 0002098  67.5159 292.6056 15.60189839 19243
1 41478U 98067HY  16261.59983122  .00021069  00000-0  25929-3 0  9997
2 41478  51.6392 314.2948 0002091  67.2924 292.8290 15.60192234 19257
1 41478U 98067HY  16262.17629485  .00021218  00000-0  26083-3 0  9999
2 41478  51.6390 311.3943 0002113  70.3364 289.7857 15.60216044 19346
1 41478U 98067HY  16262.49654851  .00019827  00000-0  24407-3 0  9990
2 41478  51.6389 309.7835 0002138  70.7831 289.3394 15.60227710 19394
1 41478U 98067HY  16263.13704717  .00022090  00000-0  27083-3 0  9998
2 41478  51.6389 306.5605 0002142  73.4454 286.6775 15.60258124 19497
1 41478U 98067HY  16263.52134066  .00024356  00000-0  29768-3 0  9994
2 41478  51.6388 304.6274 0002174  73.2050 286.9182 15.60276854 19554
1 41478U 98067HY  16264.16181722  .00035265  00000-0  42694-3 0  9990
2 41478  51.6387 301.4043 0002210  76.5828 283.5412 15.60320830 19656
1 41478U 98067HY  16264.35395643  .00036728  00000-0  44409-3 0  9991
2 41478  51.6388 300.4378 0002205  77.1855 282.9384 15.60334280 19686
1 41478U 98067HY  16265.12249955  .00031514  00000-0  38150-3 0  9995
2 41478  51.6389 296.5701 0002199  80.3915 279.7326 15.60380182 19803
1 41478U 98067HY  16265.44271935  .00029372  00000-0  35586-3 0  9992
2 41478  51.6389 294.9591 0002220  80.3529 279.7715 15.60396757 19850
1 41478U 98067HY  16265.89102130  .00025323  00000-0  30756-3 0  9997
2 41478  51.6390 292.7027 0002197  82.1426 277.9817 15.60418270 19927
1 41478U 98067HY  16266.14719061  .00023803  00000-0  28937-3 0  9992
2 41478  51.6390 291.4139 0002232  81.8719 278.2527 15.60432133 19968
1 41478U 98067HY  16266.27527469  .00023575  00000-0  28660-3 0  9994
2 41478  51.6390 290.7696 0002242  81.6109 278.5139 15.60437757 19981
1 41478U 98067HY  16266.46739963  .00024001  00000-0  29155-3 0  9994
2 41478  51.6390 289.8027 0002250  82.1243 278.0006 15.60447749 20018
1 41478U 98067HY  16266.91568699  .00023008  00000-0  27956-3 0  9993
2 41478  51.6390 287.5461 0002245  85.2084 274.9166 15.60467965 20087
1 41478U 98067HY  16267.87628441  .00021953  00000-0  26665-3 0  9994
2 41478  51.6389 282.7117 0002273  89.4118 270.7136 15.60507984 20239
1 41478U 98067HY  16267.94032342  .00022200  00000-0  26954-3 0  9998
2 41478  51.6388 282.3894 0002282  89.8609 270.2645 15.60510831 20241
1 41478U 98067HY  16268.26051654  .00022529  00000-0  27330-3 0  9994
2 41478  51.6388 280.7783 0002295  90.2342 269.8915 15.60524313 20293
1 41478U 98067HY  16269.22107786  .00030448  00000-0  36613-3 0  9992
2 41478  51.6386 275.9435 0002303  93.0108 267.1149 15.60574061 20444
1 41478U 98067HY  16269.41318608  .00031396  00000-0  37713-3 0  9995
2 41478  51.6385 274.9767 0002316  93.3452 266.7806 15.60585609 20477
1 41478U 98067HY  16269.86143300  .00026502  00000-0  31921-3 0  9997
2 41478  51.6384 272.7198 0002316  96.2484 263.8773 15.60609287 20545
1 41478U 98067HY  16270.18160496  .00026065  00000-0  31384-3 0  9996
2 41478  51.6382 271.1085 0002345  96.9517 263.1744 15.60628139 20590
1 41478U 98067HY  16270.37370608  .00033985  00000-0  40665-3 0  9996
2 41478  51.6382 270.1418 0002353  96.1338 263.9924 15.60645767 20629
1 41478U 98067HY  16270.82194517  .00040751  00000-0  48092-3 0  9990
2 41478  51.6394 267.8856 0002215 105.7331 254.4429 15.60666039 20695
1 41478U 98067HY  16271.84643536  .00048466  00000-0  57026-3 0  9991
2 41478  51.6374 262.7264 0002332 105.5352 254.6419 15.60743261 20853
1 41478U 98067HY  16271.97448929  .00054382  00000-0  63937-3 0  9996
2 41478  51.6380 262.0846 0002368  99.8343 260.3438 15.60763511 20870
1 41478U 98067HY  16272.03850729  .00036824  00000-0  43785-3 0  9999
2 41478  51.6378 261.7591 0002355 103.1736 256.9521 15.60771139 20881
1 41478U 98067HY  16272.35864606  .00035315  00000-0  41987-3 0  9999
2 41478  51.6377 260.1471 0002372 103.4448 256.6810 15.60793556 20933
1 41478U 98067HY  16272.80683194  .00038062  00000-0  45130-3 0  9996
2 41478  51.6376 257.8902 0002374 104.9352 255.1905 15.60828469 21006
1 41478U 98067HY  16273.12695881  .00038277  00000-0  45340-3 0  9999
2 41478  51.6376 256.2780 0002380 106.9616 253.1638 15.60851979 21053
1 41478U 98067HY  16273.38305655  .00039091  00000-0  46250-3 0  9990
2 41478  51.6376 254.9884 0002379 108.9544 251.1707 15.60872052 21097
1 41478U 98067HY  16274.21534930  .00036598  00000-0  43242-3 0  9990
2 41478  51.6378 250.7965 0002366 112.5681 247.5563 15.60939383 21227
1 41478U 98067HY  16274.40741200  .00035425  00000-0  41858-3 0  9990
2 41478  51.6379 249.8291 0002362 113.2093 246.9149 15.60954070 21256
1 41478U 98067HY  16274.91957177  .00032299  00000-0  38184-3 0  9992
2 41478  51.6381 247.2495 0002375 115.3033 244.8207 15.60987736 21334
1 41478U 98067HY  16275.17564779  .00033706  00000-0  39788-3 0  9998
2 41478  51.6382 245.9597 0002386 116.2364 243.8875 15.61004203 21376
1 41478U 98067HY  16275.36770292  .00030917  00000-0  36544-3 0  9996
2 41478  51.6382 244.9923 0002390 116.8434 243.2804 15.61014856 21402
1 41478U 98067HY  16275.94386007  .00031338  00000-0  36980-3 0  9999
2 41478  51.6382 242.0902 0002392 119.5097 240.6135 15.61050750 21495
1 41478U 98067HY  16276.19992584  .00031356  00000-0  36981-3 0  9991
2 41478  51.6382 240.8004 0002405 121.1699 238.9530 15.61065232 21531
1 41478U 98067HY  16276.32795782  .00031427  00000-0  37052-3 0  9996
2 41478  51.6382 240.1555 0002389 121.7733 238.3494 15.61073009 21557
1 41478U 98067HY  16276.90409288  .00030246  00000-0  35637-3 0  9998
2 41478  51.6384 237.2532 0002388 124.7137 235.4082 15.61109516 21645
1 41478U 98067HY  16277.16014852  .00032846  00000-0  38610-3 0  9998
2 41478  51.6385 235.9634 0002391 125.5419 234.5798 15.61127275 21680
1 41478U 98067HY  16277.35218816  .00035388  00000-0  41513-3 0  9995
2 41478  51.6386 234.9960 0002393 126.2390 233.8825 15.61142659 21710
1 41478U 98067HY  16277.86428692  .00029033  00000-0  34157-3 0  9992
2 41478  51.6387 232.4160 0002407 128.5291 231.5919 15.61171472 21799
1 41478U 98067HY  16277.92829836  .00027950  00000-0  32905-3 0  9999
2 41478  51.6387 232.0936 0002409 128.8006 231.3203 15.61175141 21808
1 41478U 98067HY  16278.12033212  .00029980  00000-0  35224-3 0  9999
2 41478  51.6387 231.1262 0002429 129.5194 230.6015 15.61188233 21830
1 41478U 98067HY  16278.24835351  .00033202  00000-0  38912-3 0  9995
2 41478  51.6387 230.4813 0002429 129.8721 230.2486 15.61199505 21857
1 41478U 98067HY  16278.88844909  .00034618  00000-0  40465-3 0  9992
2 41478  51.6386 227.2564 0002436 133.2159 226.9038 15.61247175 21958
1 41478U 98067HY  16278.95245753  .00034853  00000-0  40726-3 0  9993
2 41478  51.6386 226.9339 0002450 133.7006 226.4191 15.61251953 21961
1 41478U 98067HY  16279.20848923  .00039743  00000-0  46287-3 0  9991
2 41478  51.6385 225.6440 0002457 134.8328 225.2865 15.61274864 22002
1 41478U 98067HY  16279.27249663  .00039884  00000-0  46439-3 0  9999
2 41478  51.6386 225.3216 0002451 134.9744 225.1449 15.61280108 22014
1 41478U 98067HY  16279.84855461  .00035681  00000-0  41564-3 0  9996
2 41478  51.6386 222.4189 0002454 137.7682 222.3501 15.61321506 22102
1 41478U 98067HY  16280.10457583  .00034204  00000-0  39851-3 0  9996
2 41478  51.6386 221.1288 0002456 138.7131 221.4049 15.61337594 22145
1 41478U 98067HY  16280.29658968  .00032166  00000-0  37504-3 0  9994
2 41478  51.6385 220.1612 0002450 139.5008 220.6169 15.61349830 22173
1 41478U 98067HY  16280.80861988  .00027965  00000-0  32665-3 0  9993
2 41478  51.6384 217.5808 0002464 141.6338 218.4831 15.61379713 22257
1 41478U 98067HY  16281.19263555  .00033583  00000-0  39037-3 0  9995
2 41478  51.6382 215.6457 0002491 143.2598 216.8567 15.61407310 22310
1 41478U 98067HY  16281.25663763  .00033632  00000-0  39086-3 0  9996
2 41478  51.6382 215.3232 0002496 143.6333 216.4831 15.61411377 22323
1 41478U 98067HY  16281.83264859  .00031398  00000-0  36491-3 0  9997
2 41478  51.6380 212.4201 0002511 146.6536 213.4616 15.61446382 22413
1 41478U 98067HY  16282.02464923  .00033460  00000-0  38819-3 0  9991
2 41478  51.6381 211.4525 0002505 147.4601 212.6547 15.61459319 22448
1 41478U 98067HY  16282.28064756  .00034196  00000-0  39629-3 0  9996
2 41478  51.6380 210.1621 0002514 148.8486 211.2657 15.61476853 22489
1 41478U 98067HY  16283.17661735  .00033872  00000-0  39164-3 0  9999
2 41478  51.6379 205.6458 0002521 152.4441 207.6687 15.61540821 22629
1 41478U 98067HY  16283.24061377  .00033852  00000-0  39134-3 0  9998
2 41478  51.6379 205.3232 0002523 152.7858 207.3268 15.61545639 22638
1 41478U 98067HY  16283.81657299  .00033947  00000-0  39179-3 0  9999
2 41478  51.6379 202.4197 0002533 155.2452 204.8664 15.61587485 22722
1 41478U 98067HY  16283.94456196  .00035094  00000-0  40462-3 0  9998
2 41478  51.6379 201.7745 0002529 155.8438 204.2675 15.61596739 22748
1 41478U 98067HY  16284.20053696  .00040434  00000-0  46455-3 0  9998
2 41478  51.6378 200.4842 0002534 156.8122 203.2986 15.61620359 22782
1 41478U 98067HY  16284.77646908  .00040617  00000-0  46579-3 0  9994
2 41478  51.6380 197.5805 0002542 159.7633 200.3462 15.61665605 22878
1 41478U 98067HY  16284.90445155  .00039451  00000-0  45250-3 0  9999
2 41478  51.6381 196.9351 0002544 160.4157 199.6935 15.61674706 22899
1 41478U 98067HY  16285.16041397  .00040365  00000-0  46241-3 0  9995
2 41478  51.6382 195.6446 0002544 161.4508 198.6579 15.61696376 22937
1 41478U 98067HY  16285.22440420  .00037729  00000-0  43269-3 0  9999
2 41478  51.6382 195.3219 0002544 161.6702 198.4384 15.61699553 22943
1 41478U 98067HY  16286.12024456  .00033706  00000-0  38640-3 0  9994
2 41478  51.6383 190.8049 0002551 165.5823 194.5244 15.61765530 23087
1 41478U 98067HY  16286.18423149  .00032251  00000-0  36998-3 0  9990
2 41478  51.6383 190.4823 0002545 165.9237 194.1829 15.61769809 23098
1 41478U 98067HY  16286.76010888  .00030920  00000-0  35450-3 0  9999
2 41478  51.6384 187.5785 0002544 168.2588 191.8466 15.61807736 23180
1 41478U 98067HY  16286.88807957  .00033160  00000-0  37950-3 0  9999
2 41478  51.6384 186.9332 0002551 169.1341 190.9708 15.61817491 23207
1 41478U 98067HY  16287.01604983  .00033966  00000-0  38841-3 0  9993
2 41478  51.6384 186.2880 0002554 169.7933 190.3113 15.61825901 23225
1 41478U 98067HY  16287.71987098  .00043912  00000-0  49863-3 0  9999
2 41478  51.6387 182.7386 0002560 173.6191 186.4836 15.61885872 23330
1 41478U 98067HY  16287.71988139  .00034914  00000-0  39319-3 0  9993
2 41478  51.6382 182.7401 0002540 173.9605 186.1939 15.61876501 23334
1 41478U 98067HY  16287.91181524  .00056018  00000-0  63278-3 0  9998
2 41478  51.6387 181.7704 0002549 174.5871 185.5151 15.61915770 23369
1 41478U 98067HY  16288.16773559  .00065949  00000-0  74181-3 0  9999
2 41478  51.6387 180.4799 0002552 175.6766 184.4251 15.61957089 23401
1 41478U 98067HY  16288.29569312  .00066317  00000-0  74531-3 0  9992
2 41478  51.6387 179.8344 0002552 176.4977 183.6035 15.61976834 23424
1 41478U 98067HY  16288.80750646  .00038175  00000-0  43176-3 0  9993
2 41478  51.6384 177.2535 0002549 179.0285 181.0714 15.62053518 23503
1 41478U 98067HY  16288.93545719  .00037271  00000-0  42155-3 0  9992
2 41478  51.6384 176.6079 0002592 179.3002 180.7996 15.62064400 23529
1 41478U 98067HY  16289.12738116  .00042344  00000-0  47745-3 0  9996
2 41478  51.6383 175.6396 0002640 179.9683 180.1311 15.62084248 23554
1 41478U 98067HY  16289.51122202  .00031069  00000-0  35199-3 0  9994
2 41478  51.6380 173.7042 0002563 181.9676 178.1309 15.62113565 23613
1 41478U 98067HY  16289.76711257  .00031863  00000-0  36051-3 0  9995
2 41478  51.6378 172.4127 0002577 183.7481 176.3494 15.62133892 23653
1 41478U 98067HY  16289.89505630  .00035872  00000-0  40475-3 0  9994
2 41478  51.6379 171.7670 0002609 184.4909 175.6062 15.62145372 23679
1 41478U 98067HY  16290.08697089  .00037743  00000-0  42522-3 0  9991
2 41478  51.6379 170.7984 0002650 185.2974 174.7992 15.62159609 23707
1 41478U 98067HY  16290.85461120  .00032516  00000-0  36663-3 0  9993
2 41478  51.6377 166.9250 0002577 188.6275 171.4675 15.62213067 23821
1 41478U 98067HY  16290.91857981  .00034224  00000-0  38540-3 0  9998
2 41478  51.6377 166.6022 0002581 189.0541 171.0407 15.62219234 23833
1 41478U 98067HY  16291.11048521  .00034034  00000-0  38310-3 0  9997
2 41478  51.6375 165.6336 0002570 190.0466 170.0477 15.62232841 23862
1 41478U 98067HY  16291.68619120  .00033074  00000-0  37193-3 0  9999
2 41478  51.6372 162.7283 0002578 192.5489 167.5441 15.62272812 23952
1 41478U 98067HY  16291.81412417  .00033696  00000-0  37867-3 0  9992
2 41478  51.6372 162.0826 0002555 193.1989 166.8939 15.62280936 23977
1 41478U 98067HY  16291.87809015  .00034539  00000-0  38788-3 0  9992
2 41478  51.6371 161.7598 0002551 193.4802 166.6125 15.62285988 23989
1 41478U 98067HY  16292.06998761  .00035838  00000-0  40197-3 0  9991
2 41478  51.6370 160.7914 0002548 194.5453 165.5468 15.62299614 24013
1 41478U 98067HY  16292.83756218  .00030404  00000-0  34154-3 0  9995
2 41478  51.6369 156.9175 0002530 198.6325 161.4577 15.62344545 24134
1 41478U 98067HY  16293.09341545  .00030306  00000-0  34026-3 0  9996
2 41478  51.6369 155.6262 0002526 199.8015 160.2882 15.62359944 24170
1 41478U 98067HY  16293.79700092  .00025295  00000-0  28478-3 0  9994
2 41478  51.6369 152.0755 0002499 202.9225 157.1658 15.62393731 24286
1 41478U 98067HY  16294.05284651  .00025868  00000-0  29094-3 0  9993
2 41478  51.6369 150.7843 0002468 204.8064 155.2811 15.62406340 24323
1 41478U 98067HY  16294.62849813  .00024177  00000-0  26635-3 0  9993
2 41478  51.6365 147.8793 0002578 208.5228 151.6145 15.62441324 24416
1 41478U 98067HY  16294.82037251  .00023188  00000-0  26118-3 0  9997
2 41478  51.6370 146.9101 0002475 208.2418 151.8442 15.62437421 24447
1 41478U 98067HY  16295.01225145  .00023859  00000-0  26845-3 0  9992
2 41478  51.6370 145.9416 0002466 209.5166 150.5690 15.62446345 24478
<End of file>
